{"default_fov": 46.05, "default_transition_sec": 2.0, "keyframes": [{"matrix": [0.999506845602279, -0.0308781456769018, -0.005710141306321963, -0.41195815922863777, -0.004255677929945639, 0.04696555441565119, -0.9988874440615354, -0.7106623052690976, 0.031111971964803316, 0.9984191388480024, 0.04681098570287486, 0.011094316400157121, 0.0, 0.0, 0.0, 1.0], "fov": 50.0, "aspect": 1.7777777777777777, "override_transition_enabled": false, "override_transition_sec": null}, {"matrix": [0.9749637915354213, -0.05033742263894175, -0.2165912026767108, -0.2615872349473463, -0.2182657226341969, -0.03050201162337231, -0.9754125801987071, -0.7222839836666134, 0.04249328791523774, 0.9982663828703219, -0.04072529082961217, 0.002529326839165262, 0.0, 0.0, 0.0, 1.0], "fov": 45.0, "aspect": 1.7777777777777777, "override_transition_enabled": false, "override_transition_sec": null}, {"matrix": [0.9909069118255288, -0.03984291015555871, -0.1285147252525166, -0.07050738975189852, -0.12795928759913763, 0.016201372804691878, -0.991647082502825, -0.7570648641690948, 0.041592220588890526, 0.9990746008329805, 0.010955781893849596, -0.0012313481917912313, 0.0, 0.0, 0.0, 1.0], "fov": 46.05, "aspect": 1.7777777777777777, "override_transition_enabled": false, "override_transition_sec": null}, {"matrix": [0.9992479048208988, -0.03855795779526906, 0.00411200701633126, 0.12269759379631391, 0.00597080912877794, 0.04821748408832573, -0.9988190144698585, -0.7374695123104149, 0.03831415077216002, 0.9980923595133118, 0.048411442157385534, 0.02687719671992588, 0.0, 0.0, 0.0, 1.0], "fov": 46.05, "aspect": 1.7777777777777777, "override_transition_enabled": false, "override_transition_sec": null}, {"matrix": [0.8029125897790909, -0.008391417485015762, 0.596037714651368, 0.3674601664664189, 0.5960967817177287, 0.011302820198754171, -0.8028330293911192, -0.4949504894960475, -5.551115123125783e-17, 0.9999009102746867, 0.014077273594456874, 0.008678708026786879, 0.0, 0.0, 0.0, 1.0], "fov": 46.05, "aspect": 1.7777777777777777, "override_transition_enabled": false, "override_transition_sec": null}, {"matrix": [0.7206570565222251, -0.023889046537957426, 0.6928800187191357, 0.4271639206064536, 0.6932917184596413, 0.02483198558814012, -0.7202291063314701, -0.44402476689134235, 1.1102230246251565e-16, 0.9994061666546079, 0.03445742376821423, 0.021243170293809215, 0.0, 0.0, 0.0, 1.0], "fov": 46.05, "aspect": 1.7777777777777777, "override_transition_enabled": false, "override_transition_sec": null}, {"matrix": [0.9903378252072012, -0.015801580538308747, -0.13777264611076623, 0.34797467283027606, -0.13840293611650906, -0.05032462758121408, -0.9890965873630043, -0.34773982268660875, 0.00869593227898012, 0.9986079019872128, -0.0520253673749253, -0.01315261049975173, 0.0, 0.0, 0.0, 1.0], "fov": 46.05, "aspect": 1.7777777777777777, "override_transition_enabled": false, "override_transition_sec": null}, {"matrix": [0.8977651327342728, -0.201801402960815, -0.39152772597819996, 0.33431790005551043, -0.40303717884385065, -0.017741739276556028, -0.9150116191377203, -0.33308826200763286, 0.17770424563359077, 0.9792657578259792, -0.09726138305261216, -0.03072915503496107, 0.0, 0.0, 0.0, 1.0], "fov": 46.05, "aspect": 1.7777777777777777, "override_transition_enabled": false, "override_transition_sec": null}], "camera_type": "perspective", "render_height": 1080.0, "render_width": 1920.0, "fps": 60.0, "seconds": 16.0, "is_cycle": true, "smoothness_value": 0.4, "camera_path": [{"camera_to_world": [0.999506845602279, -0.0308781456769018, -0.005710141306321963, -0.41195815922863777, -0.004255677929945639, 0.04696555441565119, -0.9988874440615354, -0.7106623052690976, 0.031111971964803316, 0.9984191388480024, 0.04681098570287486, 0.011094316400157121, 0.0, 0.0, 0.0, 1.0], "fov": 50.0, "aspect": 1.7777777777777777}, {"camera_to_world": [0.9995201821003695, -0.03052239315435462, -0.005271535845937177, -0.413399097183852, -0.00383300797062989, 0.04699837977567504, -0.9988876114700584, -0.7116205947215498, 0.03073619403799179, 0.998428533153271, 0.0468588365355617, 0.01117456279397017, 0.0, 0.0, 0.0, 1.0], "fov": 49.99646429398148, "aspect": 1.7777777777777777}, {"camera_to_world": [0.9995322283695054, -0.030182869623396565, -0.004931412778097251, -0.4147432582405875, -0.0035090247785758994, 0.04699850067579877, -0.9988887964530035, -0.7125497331653509, 0.030381099318396568, 0.9984388490616356, 0.04687060367310983, 0.011249063755446802, 0.0, 0.0, 0.0, 1.0], "fov": 49.99112685185185, "aspect": 1.7777777777777777}, {"camera_to_world": [0.9995431157980154, -0.029859338915768384, -0.004688234242072814, -0.41599195169800474, -0.003282149308035687, 0.04696639842586668, -0.9988910776029698, -0.7134500936426096, 0.030046416703411162, 0.9984500875348832, 0.046846937411841, 0.011317900568699194, 0.0, 0.0, 0.0, 1.0], "fov": 49.9840171875, "aspect": 1.7777777777777777}, {"camera_to_world": [0.9995529444080148, -0.02955157436860449, -0.0045404600653379, -0.41714648685526423, -0.00315080468276948, 0.046902559975677556, -0.9988945000837571, -0.7143220491954351, 0.029731864306146834, 0.9984622448145272, 0.0467884806850582, 0.011381154517839519, 0.0, 0.0, 0.0, 1.0], "fov": 49.97516481481481, "aspect": 1.7777777777777777}, {"camera_to_world": [0.9995617844021332, -0.029259358345427134, -0.0044865478975947524, -0.41820817301152635, -0.0031134161398348355, 0.0468074776888371, -0.998899077320802, -0.7151659728659362, 0.029437150044862432, 0.9984753126550616, 0.04669586936350318, 0.011438906886979957, 0.0, 0.0, 0.0, 1.0], "fov": 49.964599247685186, "aspect": 1.7777777777777777}, {"camera_to_world": [0.9995696776855246, -0.02898248176142786, -0.004524953326263953, -0.4191783194659517, -0.0031684109577629453, 0.04668164912502006, -0.9989047926639312, -0.7159822376962218, 0.02916197221826901, 0.9984892785533137, 0.046569732556928985, 0.011491238960232679, 0.0, 0.0, 0.0, 1.0], "fov": 49.95235, "aspect": 1.7777777777777777}, {"camera_to_world": [0.9995766393631217, -0.028720743613319357, -0.004654129975156825, -0.4200582355177008, -0.0033142183708517563, 0.04652557683009411, -0.9989116010224414, -0.7167712167284008, 0.028906020067072304, 0.9985041259739115, 0.046410692916148404, 0.011538232021709864, 0.0, 0.0, 0.0, 1.0], "fov": 49.93844658564815, "aspect": 1.7777777777777777}, {"camera_to_world": [0.9995826592121018, -0.02847395051406335, -0.0048725295879860665, -0.4208492304659339, -0.0035492694712406687, 0.04633976813357133, -0.9989194304725217, -0.7175332830045824, 0.02866897432214217, 0.9985198345708759, 0.04621936693494226, 0.011579967355523687, 0.0, 0.0, 0.0, 1.0], "fov": 49.92291851851852, "aspect": 1.7777777777777777}, {"camera_to_world": [0.999587703129551, -0.028241916232723714, -0.005178602098282029, -0.42155261360981183, -0.0038719971003427795, 0.04612473495287475, -0.9989281838370473, -0.7182688095668752, 0.028450507739642385, 0.9985363804053563, 0.04599636525124217, 0.011616526245786326, 0.0, 0.0, 0.0, 1.0], "fov": 49.905795312500004, "aspect": 1.7777777777777777}, {"camera_to_world": [0.999591714555315, -0.028024461239724522, -0.005570795687230097, -0.4221696942484948, -0.00428083573115445, 0.04588099360393944, -0.9989377402377781, -0.7189781694573885, 0.02825028562348627, 0.9985537361595214, 0.04574229294704191, 0.011647989976609954, 0.0, 0.0, 0.0, 1.0], "fov": 49.88710648148148, "aspect": 1.7777777777777777}, {"camera_to_world": [0.9995946158700348, -0.02782141225773708, -0.006047556830862942, -0.4227017816811435, -0.004774221342881045, 0.04560906461767659, -0.998947956619998, -0.7196617357182308, 0.028067966335426922, 0.9985718713466173, 0.04545774984650805, 0.011674439832106745, 0.0, 0.0, 0.0, 1.0], "fov": 49.86688153935185, "aspect": 1.7777777777777777}, {"camera_to_world": [0.9995963097683722, -0.027632601818456375, -0.006607330337974976, -0.4231501852069182, -0.005350591289247208, 0.04530947256185381, -0.9989586692496455, -0.7203198813915113, 0.027903201793126088, 0.9985907525172211, 0.04514333081179132, 0.01169595709638888, 0.0, 0.0, 0.0, 1.0], "fov": 49.845150000000004, "aspect": 1.7777777777777777}, {"camera_to_world": [0.9995966806074301, -0.027457867825469197, -0.007248559380061808, -0.4235162141249796, -0.006008384161796589, 0.04498274586798557, -0.9989696951829624, -0.7209529795193388, 0.02775563795648535, 0.9986103434616805, 0.04479962603608672, 0.011712623053568532, 0.0, 0.0, 0.0, 1.0], "fov": 49.821941377314815, "aspect": 1.7777777777777777}, {"camera_to_world": [0.999595595730381, -0.027297053123443684, -0.007969685514522295, -0.423801177734488, -0.0067460396494182125, 0.04462941666280476, -0.9989808337087286, -0.7215614031438224, 0.027624915302548354, 0.9986306054087838, 0.0444272213334727, 0.011724518987757875, 0.0, 0.0, 0.0, 1.0], "fov": 49.79728518518518, "aspect": 1.7777777777777777}, {"camera_to_world": [0.999592906765313, -0.02715000507383876, -0.00876914870229007, -0.424006385334604, -0.007561998395265668, 0.044250020603957975, -0.9989918677631064, -0.722145525307071, 0.027510669289247495, 0.9986514972206473, 0.04402669842513551, 0.011731726183069089, 0.0, 0.0, 0.0, 1.0], "fov": 49.7712109375, "aspect": 1.7777777777777777}, {"camera_to_world": [0.9995884508993074, -0.027016575137326748, -0.009645387321005951, -0.4241331462244881, -0.00845470185217908, 0.04384509671955626, -0.9990025653171486, -0.7227057190511934, 0.027412530808260005, 0.9986729755838506, 0.043598635221578454, 0.011734325923614347, 0.0, 0.0, 0.0, 1.0], "fov": 49.74374814814815, "aspect": 1.7777777777777777}, {"camera_to_world": [0.9995820521277615, -0.026896618463123467, -0.010596838174769741, -0.4241827697033008, -0.009422592137646485, 0.043415187251231155, -0.9990126807370104, -0.7232423574182987, 0.027330126627234167, 0.9986949951968266, 0.043143606100436764, 0.011732399493505827, 0.0, 0.0, 0.0, 1.0], "fov": 49.71492633101852, "aspect": 1.7777777777777777}, {"camera_to_world": [0.9995735224789662, -0.026789993485396006, -0.011621936501462853, -0.42415656507020244, -0.01046411188929327, 0.04296083750040031, -0.999021956116898, -0.7237558134504956, 0.027263079821618578, 0.9987175089535165, 0.042662182179576985, 0.011726028176855701, 0.0, 0.0, 0.0, 1.0], "fov": 49.684774999999995, "aspect": 1.7777777777777777}, {"camera_to_world": [0.9995626632139494, -0.02669656152692356, -0.012719115978554336, -0.42405584162435367, -0.011577704121810082, 0.04248259567742007, -0.9990301225847884, -0.7242464601898931, 0.02721101019632592, 0.9987404681233001, 0.042154931585134996, 0.01171529325777615, 0.0, 0.0, 0.0, 1.0], "fov": 49.65332366898148, "aspect": 1.7777777777777777}, {"camera_to_world": [0.9995492660015932, -0.026616186410173714, -0.013886808728258761, -0.42388190866491493, -0.01276181208618423, 0.041981012753360386, -0.999036901580957, -0.7247146706786005, 0.027173534697445635, 0.9987638225272184, 0.04162241971420741, 0.011700276020379345, 0.0, 0.0, 0.0, 1.0], "fov": 49.62060185185185, "aspect": 1.7777777777777777}, {"camera_to_world": [0.9995331140690293, -0.026548734075942725, -0.015123445322861343, -0.4236360754910467, -0.01401487913204785, 0.04145664231412961, -0.9990420061093289, -0.7251608179587262, 0.02715026781420008, 0.9987875207104878, 0.04106520949190465, 0.011681057748777464, 0.0, 0.0, 0.0, 1.0], "fov": 49.586639062500005, "aspect": 1.7777777777777777}, {"camera_to_world": [0.999513983327316, -0.026494072209717973, -0.016427454790933424, -0.4233196514019094, -0.015335348573862151, 0.040910040416726176, -0.9990451419616734, -0.7255852750723795, 0.027140821971341544, 0.9988115101113163, 0.04048386162252637, 0.011657719727082683, 0.0, 0.0, 0.0, 1.0], "fov": 49.551464814814814, "aspect": 1.7777777777777777}, {"camera_to_world": [0.9994916434723917, -0.02645206987589356, -0.01779726462516522, -0.42293394569666365, -0.016721663561662506, 0.040341765447379434, -0.999046008914664, -0.7259884150616691, 0.027144807912156635, 0.9988357372260313, 0.03987893483460474, 0.011630343239407178, 0.0, 0.0, 0.0, 1.0], "fov": 49.51510862268518, "aspect": 1.7777777777777777}, {"camera_to_world": [0.9994658590613051, -0.026422597159978703, -0.01923130079243017, -0.4224802676744698, -0.018172266956976157, 0.03975237798137351, -0.9990443018998058, -0.7263706109687041, 0.027161835072244886, 0.9988601477705211, 0.03925098611959541, 0.011599009569863122, 0.0, 0.0, 0.0, 1.0], "fov": 49.4776, "aspect": 1.7777777777777777}, {"camera_to_world": [0.9994363905637071, -0.026405524818926007, -0.020727987746670954, -0.42195992663448845, -0.01968560121449948, 0.03914244064439299, -0.9990397121462309, -0.7267322358355934, 0.02719151194422177, 0.9988846868379939, 0.03860057096404133, 0.011563800002562696, 0.0, 0.0, 0.0, 1.0], "fov": 49.43896846064815, "aspect": 1.7777777777777777}, {"camera_to_world": [0.9994029953885967, -0.02640072393969839, -0.022285748445151715, -0.4213742318758801, -0.021260108270078105, 0.038512517975192145, -0.9990319282963658, -0.7270736627044458, 0.027233446433481426, 0.9989092990530573, 0.037928243574997765, 0.011524795821618073, 0.0, 0.0, 0.0, 1.0], "fov": 49.39924351851852, "aspect": 1.7777777777777777}, {"camera_to_world": [0.9993654288862989, -0.02640806560619088, -0.023903004368552833, -0.4207244926978051, -0.02289422943546379, 0.037863176289459774, -0.9990206374944564, -0.7273952646173705, 0.027287246205146484, 0.9989339287221217, 0.0372345570985786, 0.011482078311141427, 0.0, 0.0, 0.0, 1.0], "fov": 49.3584546875, "aspect": 1.7777777777777777}, {"camera_to_world": [0.9993234453256584, -0.026427420574616577, -0.025578175545341166, -0.42001201839942404, -0.024586405300279765, 0.03719498354473545, -0.9990055264479357, -0.7276974146164762, 0.027352519022319163, 0.9989585199801237, 0.036520063831467726, 0.011435728755244937, 0.0, 0.0, 0.0, 1.0], "fov": 49.31663148148148, "aspect": 1.7777777777777777}, {"camera_to_world": [0.9992767988464196, -0.026458658957459726, -0.027309680580793246, -0.4192381182798973, -0.02633507564157051, 0.036508509206272806, -0.9989862824616201, -0.7279804857438719, 0.027428873075736795, 0.9989830169335753, 0.035785315425280115, 0.011385828438040776, 0.0, 0.0, 0.0, 1.0], "fov": 49.27380341435185, "aspect": 1.7777777777777777}, {"camera_to_world": [0.9992252443867681, -0.02650164991609112, -0.02909593669103345, -0.41840410163838565, -0.02813867934129782, 0.035804324113728934, -0.9989625944447003, -0.7282448510416665, 0.02751591730492186, 0.9990073637999293, 0.035030863083639625, 0.011332458643641121, 0.0, 0.0, 0.0, 1.0], "fov": 49.23, "aspect": 1.7777777777777777}, {"camera_to_world": [0.999168538585997, -0.026556261362138903, -0.03093535974235373, -0.4175112777740493, -0.02999565431204861, 0.035083000348622245, -0.9989341538905006, -0.728490883551969, 0.02761326171090897, 0.9990315050432614, 0.03425725775190578, 0.01127570065615815, 0.0, 0.0, 0.0, 1.0], "fov": 49.185250752314815, "aspect": 1.7777777777777777}, {"camera_to_world": [0.9991064406622676, -0.026622359667699665, -0.03282636429607096, -0.41656095598604875, -0.03190443743121082, 0.034345111102470516, -0.9989006558289752, -0.7287189563168883, 0.027720517660618785, 0.9990553855062705, 0.03346505029945013, 0.011215635759704036, 0.0, 0.0, 0.0, 1.0], "fov": 49.13958518518518, "aspect": 1.7777777777777777}, {"camera_to_world": [0.9990387132654203, -0.02669980938446971, -0.034767363659131065, -0.4155544455735446, -0.03386346448382691, 0.03359123054556815, -0.998861799751891, -0.7289294423785333, 0.02783729818293933, 0.9990789505385785, 0.03265479169443055, 0.011152345238390956, 0.0, 0.0, 0.0, 1.0], "fov": 49.0930328125, "aspect": 1.7777777777777777}, {"camera_to_world": [0.9989651233047969, -0.026788472971870435, -0.03675676994061275, -0.4144930558356973, -0.03587117011427824, 0.03282193369635559, -0.9988172905106644, -0.729122714779013, 0.02796321825656478, 0.9991021461213402, 0.03182703317100602, 0.011085910376331085, 0.0, 0.0, 0.0, 1.0], "fov": 49.045623148148145, "aspect": 1.7777777777777777}, {"camera_to_world": [0.9988854427520294, -0.026888210534237237, -0.038792994114256504, -0.4133780960716673, -0.037925987786927004, 0.032037796291365384, -0.9987668391867935, -0.7292991465604363, 0.028097895089633854, 0.9991249189881409, 0.03098232638896603, 0.011016412457636598, 0.0, 0.0, 0.0, 1.0], "fov": 48.99738570601852, "aspect": 1.7777777777777777}, {"camera_to_world": [0.9987994494187473, -0.026998879567134308, -0.04087444608709334, -0.4122108755806151, -0.04002634975579177, 0.03123939465572362, -0.9987101639348481, -0.7294591107649121, 0.02824094839119874, 0.9991472167421893, 0.030121223585743092, 0.010943932766419676, 0.0, 0.0, 0.0, 1.0], "fov": 48.94835, "aspect": 1.7777777777777777}, {"camera_to_world": [0.9987069277091571, -0.027120334712854494, -0.042999534774215614, -0.41099270366170126, -0.042170687043300084, 0.030427305574228587, -0.9986469907979437, -0.7296029804345494, 0.028392000634549882, 0.9991689879697804, 0.02924427772082021, 0.010868552586792488, 0.0, 0.0, 0.0, 1.0], "fov": 48.898545543981484, "aspect": 1.7777777777777777}, {"camera_to_world": [0.9986076693474424, -0.02725242752515479, -0.04516666817970215, -0.40972488961408626, -0.04435742942813255, 0.029602106162998677, -0.9985770544956669, -0.7297311286114572, 0.028550677312410178, 0.9991901823500369, 0.028352042612515317, 0.010790353202867215, 0.0, 0.0, 0.0, 1.0], "fov": 48.848001851851855, "aspect": 1.7777777777777777}, {"camera_to_world": [0.9985014740799324, -0.027395006243275774, -0.04737425348364724, -0.40840874273693045, -0.04658500544211008, 0.028764373741738288, -0.9985000991843737, -0.7298439283377441, 0.02871660718400687, 0.9992107507609075, 0.027445073067182142, 0.010709415898756028, 0.0, 0.0, 0.0, 1.0], "fov": 48.7967484375, "aspect": 1.7777777777777777}, {"camera_to_world": [0.998388150351991, -0.027547915575285575, -0.04962069713523982, -0.4070455723293945, -0.048851842376072555, 0.027914685706659188, -0.9984158791898101, -0.7299417526555194, 0.028889422514020956, 0.999230645381413, 0.026523925000855424, 0.010625821958571107, 0.0, 0.0, 0.0, 1.0], "fov": 48.744814814814816, "aspect": 1.7777777777777777}, {"camera_to_world": [0.998267515959569, -0.027710996490785702, -0.05190440495178944, -0.4056366876906387, -0.0511563662946484, 0.027053619404096008, -0.9983241597119977, -0.730024974606892, 0.029068759303407545, 0.9992498197901395, 0.025589155553370168, 0.010539652666424626, 0.0, 0.0, 0.0, 1.0], "fov": 48.69223049768518, "aspect": 1.7777777777777777}, {"camera_to_world": [0.9981393986753724, -0.02788408602300735, -0.05422378222355449, -0.4041833981198237, -0.05349700205977287, 0.02618175200490119, -0.9982247175023119, -0.7300939672339706, 0.029254257512071547, 0.9992682290599534, 0.02464132319503209, 0.010450989306428762, 0.0, 0.0, 0.0, 1.0], "fov": 48.639025000000004, "aspect": 1.7777777777777777}, {"camera_to_world": [0.9980036368495919, -0.028067017080326377, -0.05657723382422002, -0.4026870129161099, -0.05587217336280512, 0.025299660379674283, -0.998117341512705, -0.7301491035788643, 0.029445561273381222, 0.9992858298489405, 0.023680987825885656, 0.010359913162695689, 0.0, 0.0, 0.0, 1.0], "fov": 48.58522783564814, "aspect": 1.7777777777777777}, {"camera_to_world": [0.9978600799851451, -0.02825961826721412, -0.05896316432681553, -0.4011488413786579, -0.058280302765037074, 0.024407920974928297, -0.9980018335170018, -0.7301907566836819, 0.029642319100490876, 0.9993025804875484, 0.022708710867675442, 0.010266505519337584, 0.0, 0.0, 0.0, 1.0], "fov": 48.530868518518524, "aspect": 1.7777777777777777}, {"camera_to_world": [0.9977085892873818, -0.028461713714641262, -0.06137997812486065, -0.3995701928066281, -0.06071981174638498, 0.023507109690271876, -0.997878008704217, -0.7302192995905326, 0.029844184084443313, 0.9993184410619247, 0.021725055348572376, 0.01017084766046662, 0.0, 0.0, 0.0, 1.0], "fov": 48.4759765625, "aspect": 1.7777777777777777}, {"camera_to_world": [0.997549038188205, -0.028673122919942822, -0.06382607955847787, -0.3979523764991809, -0.06318912076200542, 0.022597801756717384, -0.997745696243832, -0.730235105341525, 0.03005081408401429, 0.9993333734934415, 0.020730585980769062, 0.010073020870194979, 0.0, 0.0, 0.0, 1.0], "fov": 48.420581481481484, "aspect": 1.7777777777777777}, {"camera_to_world": [0.9973813128445641, -0.028893660596148205, -0.066299873045191, -0.39629670175547693, -0.06568664930655689, 0.021680571616236353, -0.9976047398229777, -0.7302385469787682, 0.030261871907257494, 0.9993473416143899, 0.01972586923106054, 0.009973106432634833, 0.0, 0.0, 0.0, 1.0], "fov": 48.36471278935185, "aspect": 1.7777777777777777}, {"camera_to_world": [0.9972053126112767, -0.029123136530776472, -0.0687997632151128, -0.3946044778746766, -0.06821081598581313, 0.020755992802668766, -0.9974549981554681, -0.7302299975443713, 0.03047702548470529, 0.9993603112398377, 0.01871147338451221, 0.009871185631898356, 0.0, 0.0, 0.0, 1.0], "fov": 48.3084, "aspect": 1.7777777777777777}, {"camera_to_world": [0.9970209504881401, -0.02936135545409004, -0.07132415505019468, -0.3928770141559405, -0.07076003859530366, 0.019824637824119834, -0.9972963454626381, -0.7302098300804429, 0.03069594803417497, 0.9993722502356371, 0.01768796860134525, 0.009767339752097728, 0.0, 0.0, 0.0, 1.0], "fov": 48.25167262731482, "aspect": 1.7777777777777777}, {"camera_to_world": [0.9968281535412975, -0.029608116916794623, -0.07387145402717377, -0.391115619898429, -0.07333273420561853, 0.01888707804699108, -0.9971286719259329, -0.7301784176290922, 0.030918318217127115, 0.9993831285825712, 0.016655926967184313, 0.00966165007734512, 0.0, 0.0, 0.0, 1.0], "fov": 48.19456018518518, "aspect": 1.7777777777777777}, {"camera_to_world": [0.9966268632988269, -0.029863215177170065, -0.07644006626386016, -0.3893216044013027, -0.07592731925402244, 0.017943883581770615, -0.9969518841112147, -0.7301361332324279, 0.03114382028651984, 0.9993929184366303, 0.015615922536790809, 0.009554197891752717, 0.0, 0.0, 0.0, 1.0], "fov": 48.137092187499995, "aspect": 1.7777777777777777}, {"camera_to_world": [0.9964170361205248, -0.030126439097610012, -0.0790283986683695, -0.3874962769637219, -0.07854220964198488, 0.016995623170750578, -0.9967659053647413, -0.7300833499325592, 0.03137214422610044, 0.9994015941854084, 0.01456853137144963, 0.00944506447943268, 0.0, 0.0, 0.0, 1.0], "fov": 48.07929814814815, "aspect": 1.7777777777777777}, {"camera_to_world": [0.9961986435418604, -0.030397572050544264, -0.08163485909088837, -0.3856409468848473, -0.0811758208382154, 0.01604286407780902, -0.996570676180783, -0.7300204407715948, 0.03160298588107119, 0.9994091325006057, 0.013514331570148062, 0.009334331124497199, 0.0, 0.0, 0.0, 1.0], "fov": 48.021207581018515, "aspect": 1.7777777777777777}, {"camera_to_world": [0.9959716725920852, -0.030676391833710993, -0.08425785647753598, -0.3837569234638393, -0.08382656798676788, 0.015086171980437992, -0.9963661545408578, -0.7299477787916437, 0.03183604708006636, 0.9994155123866355, 0.01245390329473137, 0.009222079111058441, 0.0, 0.0, 0.0, 1.0], "fov": 47.962849999999996, "aspect": 1.7777777777777777}, {"camera_to_world": [0.9957361260864789, -0.030962670594745296, -0.08689580102590153, -0.38184551599985833, -0.08649286601979508, 0.014126110864158808, -0.9961523162245498, -0.7298657370348149, 0.032071035748375054, 0.9994207152253225, 0.011387828789179261, 0.009108389723228588, 0.0, 0.0, 0.0, 1.0], "fov": 47.90425491898148, "aspect": 1.7777777777777777}, {"camera_to_world": [0.9954920228927308, -0.03125617476504006, -0.08954710434177096, -0.3799080337920649, -0.08917312977446587, 0.013163242919521078, -0.9959291550919012, -0.7297746885432173, 0.03230766601234158, 0.9994247248166812, 0.01031669239320615, 0.008993344245119808, 0.0, 0.0, 0.0, 1.0], "fov": 47.84545185185184, "aspect": 1.7777777777777777}, {"camera_to_world": [0.9952393981714467, -0.03155666500283555, -0.09221017959658978, -0.3779457861396196, -0.09186577411359309, 0.012198128441837994, -0.9956966833373643, -0.7296750063589599, 0.0325456582948758, 0.9994275274157781, 0.009241080550344033, 0.008877023960844286, 0.0, 0.0, 0.0, 1.0], "fov": 47.78647031249999, "aspect": 1.7777777777777777}, {"camera_to_world": [0.9949783035907899, -0.03186389614548744, -0.09488344168517343, -0.3759600823416828, -0.0945692140494821, 0.011231325733849518, -0.9954549317153052, -0.7295670635241513, 0.03278473940200466, 0.9994291117656566, 0.008161581810708108, 0.008759510154514191, 0.0, 0.0, 0.0, 1.0], "fov": 47.72733981481481, "aspect": 1.7777777777777777}, {"camera_to_world": [0.9947088075152621, -0.03217761717085775, -0.09756530738316219, -0.3739522316974151, -0.09728186487049605, 0.010263391011482319, -0.9952039497370699, -0.729451233080901, 0.033024642600393866, 0.9994294691263368, 0.007078786828624501, 0.008640884110241701, 0.0, 0.0, 0.0, 1.0], "fov": 47.66808987268518, "aspect": 1.7777777777777777}, {"camera_to_world": [0.9944309951686424, -0.03249757116777084, -0.10025419550372487, -0.37192354350597684, -0.10000214226984082, 0.00929487831290913, -0.9949438058396016, -0.7293278880713174, 0.03326510768577094, 0.9994285932998634, 0.005993288355333964, 0.008521227112138992, 0.0, 0.0, 0.0, 1.0], "fov": 47.60874999999999, "aspect": 1.7777777777777777}, {"camera_to_world": [0.994144968771101, -0.032823495315471914, -0.10294852705299756, -0.36987532706652865, -0.10272846247605341, 0.008326339411062322, -0.9946745875256479, -0.7291974015375098, 0.03350588104217924, 0.9994264806514218, 0.00490568122693977, 0.008400620444318241, 0.0, 0.0, 0.0, 1.0], "fov": 47.549349710648144, "aspect": 1.7777777777777777}, {"camera_to_world": [0.99385084765052, -0.03315512087201986, -0.10564672538372716, -0.36780889167823094, -0.10545924238466114, 0.007358323729822844, -0.9943964014755589, -0.7290601465215869, 0.03374671569199289, 0.9994231301264991, 0.00381656234783629, 0.008279145390891621, 0.0, 0.0, 0.0, 1.0], "fov": 47.48991851851852, "aspect": 1.7777777777777777}, {"camera_to_world": [0.9935487683280517, -0.03349217317154568, -0.10834721634660766, -0.3657255466402442, -0.10819289969049639, 0.006391378264046548, -0.994109373630713, -0.7289164960656578, 0.03398737133662433, 0.999418543264099, 0.0027265306697963516, 0.00815688323597131, 0.0, 0.0, 0.0, 1.0], "fov": 47.430485937499995, "aspect": 1.7777777777777777}, {"camera_to_world": [0.993238884577956, -0.03383437163030091, -0.11104842843876969, -0.36362660125172896, -0.11092785302012374, 0.00542604750362762, -0.9938136492486076, -0.7287668232118313, 0.03422761438785487, 0.9994127242060065, 0.0016361871669358366, 0.008033915263669485, 0.0, 0.0, 0.0, 1.0], "fov": 47.371081481481475, "aspect": 1.7777777777777777}, {"camera_to_world": [0.9929213674617622, -0.034181429761418886, -0.11374879294888932, -0.3615133648118456, -0.11366252206384075, 0.0044628733617885375, -0.9935093929296509, -0.7286115010022164, 0.03446721798972197, 0.9994056797021026, 0.0005461348067648496, 0.007910322758098318, 0.0, 0.0, 0.0, 1.0], "fov": 47.311734664351846, "aspect": 1.7777777777777777}, {"camera_to_world": [0.9925964053368085, -0.0345330551983094, -0.11644674409839342, -0.35938714661975474, -0.11639532770672617, 0.0035023951077758153, -0.993196788615707, -0.728450902478922, 0.03470596203089651, 0.9993974191117266, -0.0005430214824741902, 0.007786187003369987, 0.0, 0.0, 0.0, 1.0], "fov": 47.252475, "aspect": 1.7777777777777777}, {"camera_to_world": [0.9922642038392169, -0.03488894972660037, -0.11914071917820478, -0.3572492559746169, -0.11912469215817134, 0.0025451493041672383, -0.9928760395604483, -0.728285400684057, 0.034943633147484984, 0.9993879544010897, -0.0016306748479517456, 0.00766158928359667, 0.0, 0.0, 0.0, 1.0], "fov": 47.19333200231481, "aspect": 1.7777777777777777}, {"camera_to_world": [0.9919249858413695, -0.03524880932454253, -0.12182915868051086, -0.3551010021755924, -0.12184903907937492, 0.001591669748955529, -0.992547368271582, -0.7281153686597305, 0.03518002471619396, 0.9993773001367463, -0.002716216551690769, 0.007536610882890538, 0.0, 0.0, 0.0, 1.0], "fov": 47.13433518518518, "aspect": 1.7777777777777777}, {"camera_to_world": [0.9915789913839543, -0.03561232421178771, -0.12451050642501825, -0.3529436945218417, -0.12456679370825503, 0.0006424874226051542, -0.9922110164250127, -0.7279411794480513, 0.035414936837795244, 0.9993654734751177, -0.003799036013077561, 0.007411333085363769, 0.0, 0.0, 0.0, 1.0], "fov": 47.0755140625, "aspect": 1.7777777777777777}, {"camera_to_world": [0.9912264775826598, -0.03597917890644717, -0.12718320967914998, -0.35077864231252553, -0.12727638298122967, -0.00030186955972722135, -0.9918672447510221, -0.7277632060911282, 0.03564817631083128, 0.999352494148079, -0.004878520854224991, 0.00728583717512854, 0.0, 0.0, 0.0, 1.0], "fov": 47.016898148148144, "aspect": 1.7777777777777777}, {"camera_to_world": [0.9908677185095963, -0.03634905229034115, -0.12984571927168584, -0.34860715484680427, -0.12997623565135796, -0.0012408759906520524, -0.9915163328925439, -0.7275818216310704, 0.03587955659550519, 0.9993383844446132, -0.005954056948003649, 0.007160204436297027, 0.0, 0.0, 0.0, 1.0], "fov": 46.958516956018514, "aspect": 1.7777777777777777}, {"camera_to_world": [0.9905030050495331, -0.03672161768233989, -0.13249648969929906, -0.3464305414238383, -0.13266478240228757, -0.002174009607478349, -0.9911585792356237, -0.7273973991099867, 0.036108897767698316, 0.9993231691885356, -0.007025028468501477, 0.007034516152981405, 0.0, 0.0, 0.0, 1.0], "fov": 46.90039999999999, "aspect": 1.7777777777777777}, {"camera_to_world": [0.9901326447310423, -0.03709654291970375, -0.13513397922550086, -0.34425011134278816, -0.13534045595751132, -0.0031007511234711254, -0.9907943007121526, -0.7272103115699861, 0.03633602646306366, 0.9993068757122995, -0.00809081794373531, 0.006908853609293848, 0.0, 0.0, 0.0, 1.0], "fov": 46.84257679398148, "aspect": 1.7777777777777777}, {"camera_to_world": [0.989756961532645, -0.037473490447321574, -0.1377566499714651, -0.3420671739028145, -0.13800169118439665, -0.004020584253242497, -0.9904238325749785, -0.7270209320531775, 0.03656077581114336, 0.9992895338268869, -0.009150806310388001, 0.006783298089346535, 0.0, 0.0, 0.0, 1.0], "fov": 46.785076851851855, "aspect": 1.7777777777777777}, {"camera_to_world": [0.9893762956640604, -0.03785211741475229, -0.14036296799826387, -0.33988303840307754, -0.1406469251925092, -0.004932995732127951, -0.9900475281454921, -0.7268296336016696, 0.036782985359464164, 0.999271175787797, -0.010204372970390112, 0.006657930877251639, 0.0, 0.0, 0.0, 1.0], "fov": 46.727929687499994, "aspect": 1.7777777777777777}, {"camera_to_world": [0.988991003322661, -0.038232075780968086, -0.1429514033800111, -0.33769901414273795, -0.1432745974257184, -0.005837475329369506, -0.9896657585337978, -0.7266367892575718, 0.037002500987563844, 0.9992518362571357, -0.01125089584913219, 0.006532833257121338, 0.0, 0.0, 0.0, 1.0], "fov": 46.67116481481481, "aspect": 1.7777777777777777}, {"camera_to_world": [0.9886014564252442, -0.03861301242670074, -0.1455204302674415, -0.33551641042095615, -0.14588314974760141, -0.006733515854960695, -0.989278912331578, -0.7264427720629927, 0.037219174810905684, 0.9992315522618201, -0.012289751455126993, 0.006408086513067802, 0.0, 0.0, 0.0, 1.0], "fov": 46.61481174768518, "aspect": 1.7777777777777777}, {"camera_to_world": [0.9882080423152249, -0.03899456927429465, -0.14806852694149092, -0.33333653653689266, -0.14847102651970281, -0.0076206131599988736, -0.9888873952777693, -0.7262479550600413, 0.03743286507464379, 0.9992103631479097, -0.013320314940932316, 0.0062837719292032175, 0.0, 0.0, 0.0, 1.0], "fov": 46.558899999999994, "aspect": 1.7777777777777777}, {"camera_to_world": [0.987811163445368, -0.0393763834149636, -0.15059417585639323, -0.3311607017897081, -0.15103667467215343, -0.00849826613039632, -0.9884916298971658, -0.7260527112908265, 0.03764343603719779, 0.9991883105310706, -0.01434196016514699, 0.006159970789639759, 0.0, 0.0, 0.0, 1.0], "fov": 46.50345908564814, "aspect": 1.7777777777777777}, {"camera_to_world": [0.9874112370361718, -0.0397580872433587, -0.15309586367190434, -0.32899021547856255, -0.1535785437662484, -0.009365976673811777, -0.9880920551120647, -0.7258574137974574, 0.037850757843606885, 0.9991654382431843, -0.0153540597553069, 0.0060367643784895895, 0.0, 0.0, 0.0, 1.0], "fov": 46.44851851851851, "aspect": 1.7777777777777777}, {"camera_to_world": [0.9870086947100192, -0.040139308599346696, -0.1555720812742138, -0.32682638690261695, -0.1560950860485348, -0.010223249699675217, -0.9876891258270886, -0.7256624356220426, 0.03805470638862799, 0.9991417922751227, -0.016355985171514743, 0.0059142339798648955, 0.0, 0.0, 0.0, 1.0], "fov": 46.394107812499996, "aspect": 1.7777777777777777}, {"camera_to_world": [0.9866039821012131, -0.04051967091690737, -0.15802132378516076, -0.3246705253610315, -0.15858475649601383, -0.011069593092163012, -0.987283312487289, -0.7254681498066915, 0.03825516316955251, 0.9991174207156831, -0.01734710677062448, 0.005792460877877851, 0.0, 0.0, 0.0, 1.0], "fov": 46.340256481481475, "aspect": 1.7777777777777777}, {"camera_to_world": [0.9861975584420153, -0.04089879338005468, -0.16044209055937775, -0.3225239401529669, -0.1610460128520702, -0.011904517676022117, -0.9868751006096728, -0.7252749293935126, 0.038452015128713594, 0.9990923736867159, -0.01832679387084127, 0.0056715263566406325, 0.0, 0.0, 0.0, 1.0], "fov": 46.286994039351846, "aspect": 1.7777777777777777}, {"camera_to_world": [0.985789896124802, -0.04127629108569265, -0.1628328851690021, -0.3203879405775834, -0.1634773156527584, -0.012727537175126886, -0.9864649902882635, -0.7250831474246151, 0.03864515448566166, 0.9990667032744432, -0.0192944148165838, 0.005551511700265417, 0.0, 0.0, 0.0, 1.0], "fov": 46.23434999999999, "aspect": 1.7777777777777777}, {"camera_to_world": [0.985381480240456, -0.04165177521331713, -0.16519221537562526, -0.3182638359340416, -0.16587712824310374, -0.013538168163649777, -0.9860534956728226, -0.7248931769421076, 0.03883447855898889, 0.9990404634569872, -0.02024933704345377, 0.0054324981928643695, 0.0, 0.0, 0.0, 1.0], "fov": 46.18235387731481, "aspect": 1.7777777777777777}, {"camera_to_world": [0.9849728080931062, -0.04202485320148057, -0.1675185930891704, -0.31615293552150214, -0.16824391678309958, -0.014335930009773776, -0.9856411444213539, -0.7247053909880996, 0.039019889577784586, 0.9990137100281201, -0.02119092714320498, 0.005314567118549685, 0.0, 0.0, 0.0, 1.0], "fov": 46.131035185185176, "aspect": 1.7777777777777777}, {"camera_to_world": [0.9845643886913283, -0.04239512893093478, -0.16981053431339338, -0.31405654863912524, -0.17057615024308323, -0.015120344811837171, -0.9852284771265091, -0.7245201626046996, 0.03920129448270605, 0.9989865005172495, -0.02211855092856658, 0.005197799761433521, 0.0, 0.0, 0.0, 1.0], "fov": 46.080423437499995, "aspect": 1.7777777777777777}, {"camera_to_world": [0.9841567422159163, -0.04276220291437985, -0.1720665590777701, -0.31197598458607156, -0.17287230038824525, -0.01589093732684831, -0.9848160467160099, -0.7243378648340166, 0.03937860471665608, 0.99895889410565, -0.023031573497826103, 0.005082277405628065, 0.0, 0.0, 0.0, 1.0], "fov": 46.03054814814814, "aspect": 1.7777777777777777}, {"camera_to_world": [0.9837503994643294, -0.04312567249273937, -0.17428519135549442, -0.30991255266150153, -0.17513084175198512, -0.01664723489128767, -0.9844044178272037, -0.7241588707181597, 0.039551736005053864, 0.9989309515389558, -0.023929359299054646, 0.004968081335245485, 0.0, 0.0, 0.0, 1.0], "fov": 45.981438831018515, "aspect": 1.7777777777777777}, {"camera_to_world": [0.983345901271912, -0.04348513203790293, -0.17646495896743125, -0.30786756216457567, -0.17735025159794876, -0.017388767334148306, -0.9839941661558483, -0.7239835532992375, 0.03972060812569858, 0.998902735035922, -0.024811272193897754, 0.004855292834397962, 0.0, 0.0, 0.0, 1.0], "fov": 45.933125, "aspect": 1.7777777777777777}, {"camera_to_world": [0.9829437979099941, -0.043840173161860396, -0.17860439347175888, -0.3058423223944544, -0.17952900987047288, -0.018115066882157603, -0.9835858777792522, -0.7238122856193593, 0.03988514466821473, 0.9988743081934747, -0.025676675520840422, 0.004743993187197672, 0.0, 0.0, 0.0, 1.0], "fov": 45.88563616898148, "aspect": 1.7777777777777777}, {"camera_to_world": [0.9825446484609465, -0.04419038493218287, -0.18070203003923507, -0.30383814265029824, -0.18166559913336194, -0.018825668057140685, -0.9831801484538425, -0.7236454407206339, 0.040045272783085936, 0.9988457358880543, -0.026524932157884654, 0.004634263677756785, 0.0, 0.0, 0.0, 1.0], "fov": 45.83900185185185, "aspect": 1.7777777777777777}, {"camera_to_world": [0.9821490201702903, -0.044535354093788546, -0.1827564073138872, -0.3018563322312677, -0.18375850449679032, -0.019520107565491565, -0.9827775828872647, -0.7234833916451701, 0.04020092292027205, 0.9988170841732595, -0.027355404584575804, 0.004526185590187491, 0.0, 0.0, 0.0, 1.0], "fov": 45.7932515625, "aspect": 1.7777777777777777}, {"camera_to_world": [0.9817574877759256, -0.04487466529695579, -0.184766067259087, -0.2998982004365234, -0.18580621353228355, -0.020197924179752753, -0.9823787939851026, -0.7233265114350769, 0.04035202855741846, 0.9987884201738201, -0.02816745494335861, 0.0044198402086019495, 0.0, 0.0, 0.0, 1.0], "fov": 45.74841481481481, "aspect": 1.7777777777777777}, {"camera_to_world": [0.9813706328145588, -0.04520790133153586, -0.18672955498889413, -0.29796505656522554, -0.1878072161756545, -0.02085865861225492, -0.9819844020722774, -0.7231751731324634, 0.04049852591765912, 0.99875981197588, -0.02896044510019087, 0.004315308817112342, 0.0, 0.0, 0.0, 1.0], "fov": 45.70452112268518, "aspect": 1.7777777777777777}, {"camera_to_world": [0.9809890429053789, -0.04553464336734532, -0.18864541858470163, -0.2960582099165347, -0.18976000461792442, -0.021501853380870597, -0.9815950340892077, -0.7230297497794382, 0.04064035367702802, 0.9987313285136279, -0.02973373670445502, 0.004212672699830842, 0.0, 0.0, 0.0, 1.0], "fov": 45.66159999999999, "aspect": 1.7777777777777777}, {"camera_to_world": [0.9806133110110444, -0.04585447120070105, -0.19051220889712248, -0.2941789697896115, -0.19166307318416148, -0.022127052666848685, -0.9812113227627787, -0.7228906144181108, 0.04077745266148333, 0.9987030394522604, -0.03048669124811524, 0.0041120131408696374, 0.0, 0.0, 0.0, 1.0], "fov": 45.61968096064814, "aspect": 1.7777777777777777}, {"camera_to_world": [0.9802440346760151, -0.04616696350709125, -0.19232847933320305, -0.2923286454836164, -0.1935149182003193, -0.02273380216478383, -0.9808339057521696, -0.7227581400905895, 0.0409097655335634, 0.9986750150672976, -0.031218670124165914, 0.00401341142434089, 0.0, 0.0, 0.0, 1.0], "fov": 45.578793518518516, "aspect": 1.7777777777777777}, {"camera_to_world": [0.9798818152422607, -0.04647169809997238, -0.19409278562903132, -0.2905085462977099, -0.19531403784814116, -0.023321648924761865, -0.9804634247695756, -0.7226326998389835, 0.041037236468687385, 0.9986473261202553, -0.031929034684403765, 0.003916948834356783, 0.0, 0.0, 0.0, 1.0], "fov": 45.538967187499985, "aspect": 1.7777777777777777}, {"camera_to_world": [0.9795272570423712, -0.04676825219568795, -0.1958036856078276, -0.2887199815310522, -0.1970589320082148, -0.023890141186702282, -0.9801005246758421, -0.7225146667054018, 0.041159810821118165, 0.9986200437306672, -0.03261714629653858, 0.003822706655029483, 0.0, 0.0, 0.0, 1.0], "fov": 45.50023148148148, "aspect": 1.7777777777777777}, {"camera_to_world": [0.9791809665700704, -0.04705620268452557, -0.19745973892369922, -0.2869642604828041, -0.19874810209136012, -0.024438828207000225, -0.9797458525510333, -0.7224044137319533, 0.04127743477960932, 0.9985932392444793, -0.0332823664007462, 0.0037307661704711797, 0.0, 0.0, 0.0, 1.0], "fov": 45.462615914351844, "aspect": 1.7777777777777777}, {"camera_to_world": [0.9788435516281315, -0.04733512640792789, -0.19905950679123796, -0.28524269245212613, -0.20038005085852828, -0.024967260077515038, -0.9794000567399183, -0.7223023139607468, 0.04139005501275704, 0.9985669840987969, -0.033924056565713526, 0.0036412086647940405, 0.0, 0.0, 0.0, 1.0], "fov": 