{"default_fov": 75.0, "default_transition_sec": 2.0, "keyframes": [{"matrix": [0.9133181392889588, -0.05539243536732877, 0.40346208564105546, -0.29254466540327523, 0.40724682496706355, 0.12422666770812593, -0.9048302374392562, -0.3382282283879329, -1.1102230246251565e-16, 0.9907065222023176, 0.13601686243179129, -0.1681702078838171, 0.0, 0.0, 0.0, 1.0], "fov": 75.0, "aspect": 1.7777777777777777, "override_transition_enabled": true, "override_transition_sec": 3.0}, {"matrix": [0.6427430807606376, -0.1470145391303161, 0.7518431069170117, -0.281124278512794, 0.7660818051189602, 0.12334528397075245, -0.6307968046747304, -0.21507614922077836, -1.6653345369377348e-16, 0.9814136060838342, 0.19190449133234164, -0.1766866366509469, 0.0, 0.0, 0.0, 1.0], "fov": 75.0, "aspect": 1.7777777777777777, "override_transition_enabled": false, "override_transition_sec": null}, {"matrix": [0.951454941223117, -0.08474548179061965, 0.29589136205403244, -0.24041056654517828, 0.2845177890967654, -0.12452833643985955, -0.9505484317545367, 0.1013877132773793, 0.11740154389786907, 0.9885903584091829, -0.09437150391299183, -0.1378884348031303, 0.0, 0.0, 0.0, 1.0], "fov": 75.0, "aspect": 1.7777777777777777, "override_transition_enabled": true, "override_transition_sec": 1.5}, {"matrix": [0.9464885446357412, -0.05024784454062267, 0.3188018020531536, -0.1317120302245599, 0.3191406221962587, -0.001344751629426759, -0.9477064180996346, 0.09502949872144116, 0.048048914009596044, 0.9987358738736063, 0.014763336358082545, -0.11898354430023295, 0.0, 0.0, 0.0, 1.0], "fov": 75.0, "aspect": 1.7777777777777777, "override_transition_enabled": true, "override_transition_sec": 1.5}], "camera_type": "perspective", "render_height": 1080.0, "render_width": 1920.0, "fps": 30.0, "seconds": 8.0, "is_cycle": true, "smoothness_value": 0.0, "camera_path": [{"camera_to_world": [0.9133181392889588, -0.05539243536732877, 0.40346208564105546, -0.29254466540327523, 0.40724682496706355, 0.12422666770812593, -0.9048302374392562, -0.3382282283879329, -1.1102230246251565e-16, 0.9907065222023176, 0.13601686243179129, -0.1681702078838171, 0.0, 0.0, 0.0, 1.0], "fov": 75.0, "aspect": 1.7777777777777777}, {"camera_to_world": [0.9124809291652972, -0.055776083835807955, 0.4052993737739755, -0.2930342275272132, 0.4091192194967801, 0.12472663587230941, -0.9039163293924508, -0.33920488602902266, -0.00013471444323251425, 0.990622175592651, 0.1366297444779193, -0.1683668218536183, 0.0, 0.0, 0.0, 1.0], "fov": 75.0, "aspect": 1.7777777777777777}, {"camera_to_world": [0.9114657360637424, -0.056243117242806784, 0.4075130964086826, -0.2934931753035397, 0.411375914232347, 0.12524843127840912, -0.9028192995565603, -0.34003886566470165, -0.0002630043365662027, 0.9905299299996488, 0.13729671738104096, -0.16856669214441417, 0.0, 0.0, 0.0, 1.0], "fov": 75.0, "aspect": 1.7777777777777777}, {"camera_to_world": [0.9102703502976432, -0.05679369382989072, 0.41010043368687443, -0.2939212455387945, 0.41401417964179954, 0.1257908307744834, -0.9015369798009358, -0.3407292819699349, -0.0003852590473091555, 0.9904297770332948, 0.13801705815313028, -0.1687696834782066, 0.0, 0.0, 0.0, 1.0], "fov": 75.0, "aspect": 1.7777777777777777}, {"camera_to_world": [0.9088923909091625, -0.05742785597912156, 0.4130576994864852, -0.29431821733621305, 0.41703041832954046, 0.12635244998099843, -0.9000670467091259, -0.3412754409703652, -0.0005019315836674587, 0.9903217152730928, 0.1387899431632017, -0.16897565185966262, 0.0, 0.0, 0.0, 1.0], "fov": 75.0, "aspect": 1.7777777777777777}, {"camera_to_world": [0.9073293302820259, -0.05814552417364771, 0.4163803362654655, -0.2946839126581794, 0.42042015887158973, 0.12693174575526117, -0.8984070469079753, -0.34167684253921676, -0.0006135343165751261, 0.9902057513153989, 0.1396144463784063, -0.16918444449826492, 0.0, 0.0, 0.0, 1.0], "fov": 75.0, "aspect": 1.7777777777777777}, {"camera_to_world": [0.9055785231316592, -0.058946490582450856, 0.4200629115867003, -0.29501819686348213, 0.42417805121105223, 0.12752701958662432, -0.8965544267617815, -0.3419331827803701, -0.0007206340797635824, 0.9900819009169726, 0.1404895375576321, -0.16939589973552366, 0.0, 0.0, 0.0, 1.0], "fov": 75.0, "aspect": 1.7777777777777777}, {"camera_to_world": [0.9036372398089985, -0.05983041230843003, 0.42409911647323434, -0.2953209792192104, 0.4282978637666347, 0.1281364219419958, -0.8945065663620587, -0.34204435629687074, -0.0008238466556019786, 0.9899501902292388, 0.1414140804226438, -0.16960984697728573, 0.0, 0.0, 0.0, 1.0], "fov": 75.0, "aspect": 1.7777777777777777}, {"camera_to_world": [0.901502703821603, -0.06079680434600512, 0.4284817657539849, -0.29559221338713737, 0.4327724824191749, 0.12875795757747285, -0.892260817710395, -0.34201045834418214, -0.0009238306577268596, 0.9898106571166989, 0.14238683083461254, -0.16982610663117292, 0.0, 0.0, 0.0, 1.0], "fov": 75.0, "aspect": 1.7777777777777777}, {"camera_to_world": [0.8991721334421942, -0.06184503230124766, 0.43320280056882193, -0.29583189788445197, 0.4375939115509823, 0.1293894918277173, -0.8898145469580031, -0.34183178686754556, -0.001021280825206139, 0.989663352551878, 0.14340643500642974, -0.1700444900491806, 0.0, 0.0, 0.0, 1.0], "fov": 75.0, "aspect": 1.7777777777777777}, {"camera_to_world": [0.8966427872405617, -0.06297430493405651, 0.438253293207877, -0.29604007651870773, 0.442753277319911, 0.13002875787981027, -0.8871651805310619, -0.34150884442285745, -0.0011169207469161335, 0.9895083420781787, 0.1444714277832782, -0.1702647994754643, 0.0, 0.0, 0.0, 1.0], "fov": 75.0, "aspect": 1.7777777777777777}, {"camera_to_world": [0.8939120133401236, -0.06418366658803587, 0.44362345446281637, -0.29621683879687033, 0.44824083335409903, 0.13067336503287963, -0.8843102549360189, -0.34104233998052436, -0.0012114950389722767, 0.9893457073310117, 0.14558023102561315, -0.17048682799933967, 0.0, 0.0, 0.0, 1.0], "fov": 75.0, "aspect": 1.7777777777777777}, {"camera_to_world": [0.8909773021655295, -0.06547198957938233, 0.449302643667219, -0.2963623203083556, 0.4540459690538385, 0.1313208079386876, -0.8812474700039095, -0.3404331906118043, -0.001305761002414474, 0.9891755476066155, 0.146731152129863, -0.17071035951351993, 0.0, 0.0, 0.0, 1.0], "fov": 75.0, "aspect": 1.7777777777777777}, {"camera_to_world": [0.8878363424128171, -0.06683796662113867, 0.45527938159879655, -0.2964767030819596, 0.46015722068373627, 0.13196847681157503, -0.8779747452977517, -0.33968252305719, -0.001400479792895204, 0.988997981467093, 0.1479223827227149, -0.17093516867761127, 0.0, 0.0, 0.0, 1.0], "fov": 75.0, "aspect": 1.7777777777777777}, {"camera_to_world": [0.8844870799390872, -0.0682801033635631, 0.4615413664077014, -0.29656021591659404, 0.466562285430897, 0.13261366858881904, -0.8744902793724543, -0.3387916751764391, -0.0014964071388392786, 0.9888131483693348, 0.14915199756489625, -0.17116102088688526, 0.0, 0.0, 0.0, 1.0], "fov": 75.0, "aspect": 1.7777777777777777}, {"camera_to_world": [0.8809277792347837, -0.06979671113493632, 0.4680754927222941, -0.2966131346857502, 0.4732480385929956, 0.1332535990143825, -0.8707926115428384, -0.33776219727990264, -0.0015942836493837154, 0.988621210304766, 0.15041795369963284, -0.17138767224634485, 0.0, 0.0, 0.0, 1.0], "fov": 75.0, "aspect": 1.7777777777777777}, {"camera_to_world": [0.8771570871088167, -0.07138589996984396, 0.47486787406632514, -0.29663578261562384, 0.4802005540436352, 0.13388541561047848, -0.8668806857826485, -0.33659585334084896, -0.0016948247583644105, 0.988422353436174, 0.15171808987966318, -0.17161486955009853, 0.0, 0.0, 0.0, 1.0], "fov": 75.0, "aspect": 1.7777777777777777}, {"camera_to_world": [0.8731740981853565, -0.07304557201369774, 0.4819038686993299, -0.2966285305368467, 0.48740512810109615, 0.13450621149218717, -0.8627539163462392, -0.3352946220885279, -0.001798710355606442, 0.9882167897173226, 0.1530501263045735, -0.17184235026605435, 0.0, 0.0, 0.0, 1.0], "fov": 75.0, "aspect": 1.7777777777777777}, {"camera_to_world": [0.8689784217815724, -0.07477341539293653, 0.489168108965091, -0.2965917971097755, 0.4948463069004086, 0.13511303997077084, -0.8584122546753884, -0.33386069798176593, -0.001906574161796848, 0.9880047584806121, 0.15441166469743572, -0.17206984252594415, 0.0, 0.0, 0.0, 1.0], "fov": 75.0, "aspect": 1.7777777777777777}, {"camera_to_world": [0.8645702497083216, -0.07656689863986713, 0.4966445342012361, -0.2965260490233056, 0.5025079173375553, 0.13570292988125632, -0.853856257126875, -0.33229649206292644, -0.002018992908169953, 0.9877865279777386, 0.1558001887461039, -0.17229706512068588, 0.0, 0.0, 0.0, 1.0], "fov": 75.0, "aspect": 1.7777777777777777}, {"camera_to_world": [0.8599504245112828, -0.07842326575944428, 0.5043164272264866, -0.29643180116717927, 0.5103731016185952, 0.1362729015595593, -0.8490871530324516, -0.3306046326921169, -0.002136475387109815, 0.9875623968581239, 0.1572130649302342, -0.17252372750108932, 0.0, 0.0, 0.0, 1.0], "fov": 75.0, "aspect": 1.7777777777777777}, {"camera_to_world": [0.855120507648694, -0.08033953202234573, 0.5121664543808684, -0.29630961677777545, 0.5184243554056944, 0.136819983383827, -0.8441069125821913, -0.3287879661615679, -0.002259451444463545, 0.987332695569877, 0.15864754374994378, -0.17274952978390914, 0.0, 0.0, 0.0, 1.0], "fov": 75.0, "aspect": 1.7777777777777777}, {"camera_to_world": [0.8500828470841746, -0.08231248056446971, 0.5201767090485575, -0.296160107557372, 0.526643569506657, 0.137341228784041, -0.8389183140052295, -0.32684955719015235, -0.0023882609888343787, 0.9870977876681791, 0.16010076136619622, -0.1729741627632464, 0.0, 0.0, 0.0, 1.0], "fov": 75.0, "aspect": 1.7777777777777777}, {"camera_to_world": [0.8448406437594793, -0.08433865986742048, 0.528328758543235, -0.29598393376688403, 0.5350120750048347, 0.1378337336132957, -0.8335250095091569, -0.32479268929805855, -0.002523143097310332, 0.9868580710162869, 0.16156974165642496, -0.17319730792729848, 0.0, 0.0, 0.0, 1.0], "fov": 75.0, "aspect": 1.7777777777777777}, {"camera_to_world": [0.8393980164028625, -0.08641438218767328, 0.5366036941822732, -0.2957818042920904, 0.5435106916726531, 0.13829465376370798, -0.8279315894310898, -0.32262086506167253, -0.002664225300918144, 0.9866139788648339, 0.1630513986816644, -0.173418637480454, 0.0, 0.0, 0.0, 1.0], "fov": 75.0, "aspect": 1.7777777777777777}, {"camera_to_world": [0.8337600641243584, -0.08853572299391246, 0.5449821843191673, -0.29555447668337104, 0.5521197794548108, 0.13872122289977196, -0.8221436440500911, -0.32033780624876906, -0.002811513136519228, 0.9863659807957375, 0.16454253955359444, -0.17363781437072862, 0.0, 0.0, 0.0, 1.0], "fov": 75.0, "aspect": 1.7777777777777777}, {"camera_to_world": [0.827932926250019, -0.09069852146258309, 0.5534445300439619, -0.2953027571689847, 0.5608192927470853, 0.13911077017227141, -0.8161678225124639, -0.31794745383415196, -0.0029648800548300325, 0.9861145835178481, 0.16603986768147472, -0.17385449232253464, 0.0, 0.0, 0.0, 1.0], "fov": 75.0, "aspect": 1.7777777777777777}, {"camera_to_world": [0.8219238388532065, -0.09289838207102735, 0.5619707231995219, -0.29502750064192884, 0.5695888371341349, 0.13946073776677556, -0.8100118883286407, -0.31545396789592683, -0.0031240577767052136, 0.9858603315024557, 0.16753998637004758, -0.17406831587477628, 0.0, 0.0, 0.0, 1.0], "fov": 75.0, "aspect": 1.7777777777777777}, {"camera_to_world": [0.8157411874525526, -0.09513067731580713, 0.5705405062981375, -0.29472961062043035, 0.5784077281854842, 0.13976869813241047, -0.8036847709131224, -0.3128617273926309, -0.003288627191732396, 0.9856038074479049, 0.16903940273021228, -0.17427892042425885, 0.0, 0.0, 0.0, 1.0], "fov": 75.0, "aspect": 1.7777777777777777}, {"camera_to_world": [0.8093945553632549, -0.09739055157102244, 0.579133433858736, -0.2944100391821259, 0.5872550518436503, 0.14003237072915048, -0.7971966126571822, -0.31017532982148527, -0.0034580098945187765, 0.9853456325638562, 0.1705345318547057, -0.1744859322744005, 0.0, 0.0, 0.0, 1.0], "fov": 75.0, "aspect": 1.7777777777777777}, {"camera_to_world": [0.8028947672108528, -0.09967292608781186, 0.58772893462082, -0.29406978687199953, 0.5961097258730106, 0.14024963812544963, -0.7905588110477832, -0.30739959075807577, -0.0036314604547919016, 0.9850864666671519, 0.1720217012013056, -0.17468896868923106, 0.0, 0.0, 0.0, 1.0], "fov": 75.0, "aspect": 1.7777777777777777}, {"camera_to_world": [0.7962539271444252, -0.10197250512188016, 0.5963063740278554, -0.2937099025841535, 0.6049505617732666, 0.14041856127279023, -0.7837840553751325, -0.3045395432778083, -0.003808059517597051, 0.9848270080827637, 0.17349715511633806, -0.17488763795266174, 0.0, 0.0, 0.0, 1.0], "fov": 75.0, "aspect": 1.7777777777777777}, {"camera_to_world": [0.7894854513188878, -0.10428378316107667, 0.6048451163111309, -0.29333148341749776, 0.6137563264981426, 0.14053739377969804, -0.7768863576052263, -0.3016004372595251, -0.0039867078294426594, 0.9845679933449105, 0.17495705942161643, -0.17508153943300755, 0.0, 0.0, 0.0, 1.0], "fov": 75.0, "aspect": 1.7777777777777777}, {"camera_to_world": [0.7826040942533561, -0.10660105320993646, 0.6133245854459257, -0.29293567450545127, 0.6225058032591508, 0.14060459500512965, -0.769881077032111, -0.2985877385717067, -0.004166121285290203, 0.9843101966951149, 0.17639750597857237, -0.17527026365274206, 0.0, 0.0, 0.0, 1.0], "fov": 75.0, "aspect": 1.7777777777777777}, {"camera_to_world": [0.7756259687137691, -0.10891841607295011, 0.6217243241960113, -0.2925236688197582, 0.6311778506367178, 0.14061884178989645, -0.7627849383668253, -0.2955071281417232, -0.004344827089831804, 0.9840544293756459, 0.17781451713437701, -0.1754533923634622, 0.0, 0.0, 0.0, 1.0], "fov": 75.0, "aspect": 1.7777777777777777}, {"camera_to_world": [0.7685685588124158, -0.11122979056339466, 0.6300240504109582, -0.29209670694852935, 0.639751459167614, 0.14057903864501659, -0.7556160429653088, -0.2923645009086386, -0.004521161124639572, 0.9838015387184887, 0.17920404994647518, -0.17563049862603958, 0.0, 0.0, 0.0, 1.0], "fov": 75.0, "aspect": 1.7777777777777777}, {"camera_to_world": [0.761450726063775, -0.11352892455013724, 0.6382037096942004, -0.29165607684862727, 0.648205804529296, 0.14048432621757134, -0.748393872945071, -0.28916596466010613, -0.004693266610578284, 0.9835524070316153, 0.18056200007431739, -0.1758011468959326, 0.0, 0.0, 0.0, 1.0], "fov": 75.0, "aspect": 1.7777777777777777}, {"camera_to_world": [0.7542927081841772, -0.11580940674118279, 0.6462435235191415, -0.2912031135725239, 0.6565202963992789, 0.1403340878578306, -0.7411392879890483, -0.285917838753935, -0.004859094152494858, 0.9833079502858532, 0.18188420522038526, -0.1759648931136314, 0.0, 0.0, 0.0, 1.0], "fov": 75.0, "aspect": 1.7777777777777777}, {"camera_to_world": [0.7471161104709979, -0.11806467909022134, 0.6541240318364787, -0.29073919896976513, 0.6646746220317981, 0.1401279541159838, -0.7338745146836445, -0.28262665272494125, -0.00501640325072783, 0.9830691166070631, 0.18316644799699072, -0.17612128480020692, 0.0, 0.0, 0.0, 1.0], "fov": 75.0, "aspect": 1.7777777777777777}, {"camera_to_world": [0.7399438896441267, -0.12028804970131451, 0.6618261291890601, -0.290265761363186, 0.672648783565496, 0.13986580500276855, -0.7266231282850734, -0.27929914477773526, -0.005162765361614641, 0.9828368845795225, 0.18440445809101064, -0.17626986115793297, 0.0, 0.0, 0.0, 1.0], "fov": 75.0, "aspect": 1.7777777777777777}, {"camera_to_world": [0.7328003300768754, -0.1224727060975036, 0.6693310933315268, -0.2897842752000285, 0.6804231280553024, 0.13954776985548653, -0.7194100268524188, -0.2759422601661333, -0.005295568587055655, 0.9826122613673793, 0.18559391359585342, -0.17641015317594827, 0.0, 0.0, 0.0, 1.0], "fov": 75.0, "aspect": 1.7777777777777777}, {"camera_to_world": [0.725711012383705, -0.12461172871182902, 0.6766206053413297, -0.28929626067812114, 0.687978369209721, 0.1391742246592034, -0.7122613977256118, -0.2725631494599165, -0.005412024071528243, 0.9823962806617088, 0.18673044137871603, -0.17654168374092447, 0.0, 0.0, 0.0, 1.0], "fov": 75.0, "aspect": 1.7777777777777777}, {"camera_to_world": [0.7187027743665556, -0.12669810445433732, 0.683676760205796, -0.2888032833472881, 0.6952955998117829, 0.13874578668222362, -0.7052046763602068, -0.2691691666996957, -0.00550917418393454, 0.982190000461015, 0.18780961635177884, -0.1766639677527039, 0.0, 0.0, 0.0, 1.0], "fov": 75.0, "aspect": 1.7777777777777777}, {"camera_to_world": [0.711803664348355, -0.12872474020646707, 0.690482066877216, -0.2883069536861621, 0.7023562938085185, 0.13826330629500788, -0.6982684975565885, -0.2657678674406756, -0.005583902561522913, 0.9819945006929269, 0.18882695951858408, -0.1767765122448691, 0.0, 0.0, 0.0, 1.0], "fov": 75.0, "aspect": 1.7777777777777777}, {"camera_to_world": [0.7050428869397011, -0.13068447609500256, 0.6970194368046753, -0.2878089266545833, 0.7091422970702237, 0.13772785585233846, -0.6914826391372992, -0.2623670066861474, -0.005632946094064839, 0.981810880684306, 0.18977793467157655, -0.17687881651020504, 0.0, 0.0, 0.0, 1.0], "fov": 75.0, "aspect": 1.7777777777777777}, {"camera_to_world": [0.6984507412908747, -0.13257009840192685, 0.7032721599778645, -0.2873109012217762, 0.7156358058474095, 0.13714071552961246, -0.6848779581306106, -0.25897453671156934, -0.00565290892873449, 0.981640256485913, 0.1906579436239521, -0.17697037223101283, 0.0, 0.0, 0.0, 1.0], "fov": 75.0, "aspect": 1.7777777777777777}, {"camera_to_world": [0.6920585518743566, -0.13437435197421005, 0.7092238675545822, -0.28681461987049944, 0.7218193319904291, 0.1365033560153148, -0.6784863195094257, -0.2555986047801332, -0.005640278579915559, 0.9814837580561724, 0.19146231986861967, -0.17705066361423263, 0.0, 0.0, 0.0, 1.0], "fov": 75.0, "aspect": 1.7777777777777777}, {"camera_to_world": [0.685898591821126, -0.13608995200914875, 0.7148584801902709, -0.28632186807737425, 0.7276756540445597, 0.13581741797292068, -0.6723405175102801, -0.2522475507507438, -0.0055914442337086645, 0.9813425263063436, 0.19218632056955762, -0.17711916753133083, 0.0, 0.0, 0.0, 1.0], "fov": 75.0, "aspect": 1.7777777777777777}, {"camera_to_world": [0.6800039987952148, -0.1377095951065439, 0.7201601412450631, -0.28583447376960436, 0.7331877533922301, 0.13508468819635033, -0.6664741895156552, -0.24892990457937297, -0.005502717344366137, 0.9812177100065442, 0.1928251168062435, -0.17717535366290688, 0.0, 0.0, 0.0, 1.0], "fov": 75.0, "aspect": 1.7777777777777777}, {"camera_to_world": [0.6744086833337087, -0.1392259694990276, 0.7251131341116015, -0.28535430675830475, 0.7383387346843231, 0.1343070723936125, -0.6609217224224135, -0.2456543837147814, -0.0053703546294584514, 0.9811104625484905, 0.19337378201049146, -0.17721868464797141, 0.0, 0.0, 0.0, 1.0], "fov": 75.0, "aspect": 1.7777777777777777}, {"camera_to_world": [0.6691472295017887, -0.1406317643963973, 0.7297017829859243, -0.28488327814866643, 0.7431117298846486, 0.13348656454315774, -0.6557181513381422, -0.2424298903896344, -0.005190583582381225, 0.981021938556535, 0.19382727855710274, -0.1772486162378478, 0.0, 0.0, 0.0, 1.0], "fov": 75.0, "aspect": 1.7777777777777777}, {"camera_to_world": [0.664254787613147, -0.1419196784090962, 0.7339103364943649, -0.2844233397271891, 0.7474897853462465, 0.13262521277671266, -0.6508990503441789, -0.2392655088080665, -0.00495963063496202, 0.9809532903335361, 0.19418044249556732, -0.1772645974546461, 0.0, 0.0, 0.0, 1.0], "fov": 75.0, "aspect": 1.7777777777777777}, {"camera_to_world": [0.6597669586436301, -0.14308242705018948, 0.7377228336926829, -0.28397648332622316, 0.751455731446145, 0.13172508175086262, -0.6465004149375837, -0.23617050223078362, -0.004673752119422725, 0.9809056641222722, 0.19442796643993993, -0.17726607075425824, 0.0, 0.0, 0.0, 1.0], "fov": 75.0, "aspect": 1.7777777777777777}, {"camera_to_world": [0.6557196698192893, -0.1441127493544288, 0.7411229520704306, -0.2835447401660655, 0.7549920344274856, 0.130788211477466, -0.6425585356133491, -0.2331543099588207, -0.0043292681977957215, 0.9808801961565096, 0.19456438066829804, -0.1772524721938211, 0.0, 0.0, 0.0, 1.0], "fov": 75.0, "aspect": 1.7777777777777777}, {"camera_to_world": [0.6521490406882575, -0.14500341369742908, 0.7440938373252918, -0.28313018017486324, 0.7580806302360149, 0.12981657259025842, -0.639109861871873, -0.23022654421710165, -0.003922599947988714, 0.9808780084684386, 0.19458403252229517, -0.1772232316035925, 0.0, 0.0, 0.0, 1.0], "fov": 75.0, "aspect": 1.7777777777777777}, {"camera_to_world": [0.6490912387882247, -0.14574722294776954, 0.7466179148208145, -0.2827349112865851, 0.760702740293817, 0.12881201803183973, -0.6361908557343797, -0.2273969869389804, -0.0034503098187423364, 0.9809002044110186, 0.1944810642416802, -0.17717777276318464, 0.0, 0.0, 0.0, 1.0], "fov": 75.0, "aspect": 1.7777777777777777}, {"camera_to_world": [0.6465823237980235, -0.14633701913995534, 0.7486766828085274, -0.28236107871732574, 0.7628386693287768, 0.12777623115218112, -0.6338378336209076, -0.22467558645296876, -0.0029091456905799284, 0.9809478638448512, 0.19424938941879394, -0.17711551358209748, 0.0, 0.0, 0.0, 1.0], "fov": 75.0, "aspect": 1.7777777777777777}, {"camera_to_world": [0.644658078812592, -0.14676568791685934, 0.7502504876852456, -0.2820108642202161, 0.7644675855769514, 0.12671067021705498, -0.6320867951913653, -0.22207245407288684, -0.0022960888058460305, 0.9810220379295438, 0.19388266831452444, -0.17703586628449258, 0.0, 0.0, 0.0, 1.0], "fov": 75.0, "aspect": 1.7777777777777777}, {"camera_to_world": [0.6433538271067284, -0.14702616305642707, 0.7513182817714679, -0.2816864853192177, 0.7655672838998038, 0.12561650933323223, -0.6309732374714566, -0.21959786059269995, -0.0016084058576534832, 0.9811237434492343, 0.1933742823406416, -0.1769382375981487, 0.0, 0.0, 0.0, 1.0], "fov": 75.0, "aspect": 1.7777777777777777}, {"camera_to_world": [0.6427042324555555, -0.14711143146917643, 0.7518573643416717, -0.2813901945220861, 0.7661139326135855, 0.12449457580765907, -0.6305319522830054, -0.21726223268733244, -0.0008437055541738459, 0.9812539565910353, 0.19271730808460608, -0.1768220289475358, 0.0, 0.0, 0.0, 1.0], "fov": 75.0, "aspect": 1.7777777777777777}, {"camera_to_world": [0.6427430807606376, -0.1470145391303161, 0.7518431069170117, -0.281124278512794, 0.7660818051189602, 0.12334528397075245, -0.6307968046747304, -0.21507614922077836, -1.6653345369377348e-16, 0.9814136060838342, 0.19190449133234164, -0.1766866366509469, 0.0, 0.0, 0.0, 1.0], "fov": 75.0, "aspect": 1.7777777777777777}, {"camera_to_world": [0.6435604888299777, -0.14669978235486208, 0.7512050792386566, -0.28085090037518157, 0.7653945151797958, 0.12198304057255394, -0.6318950656124482, -0.2127137221778211, 0.0010645889373796513, 0.9816309447392697, 0.19078667401232097, -0.17650845530501094, 0.0, 0.0, 0.0, 1.0], "fov": 75.0, "aspect": 1.7777777777777777}, {"camera_to_world": [0.6452239238001316, -0.14613791342178362, 0.7498865236932113, -0.28053050068542734, 0.7639894605507179, 0.12022181698524043, -0.6339296639913535, -0.2098427369131683, 0.0024884379407253965, 0.9819319859244299, 0.18921781812271413, -0.17626423693156795, 0.0, 0.0, 0.0, 1.0], "fov": 75.0, "aspect": 1.7777777777777777}, {"camera_to_world": [0.6477279172118084, -0.1453334951198108, 0.7478814882457734, -0.2801629327115457, 0.7618597968050038, 0.11806163560402166, -0.6368917492091901, -0.20646604793084372, 0.004265592185275502, 0.9823134048738027, 0.18719556439335241, -0.17595412076074637, 0.0, 0.0, 0.0, 1.0], "fov": 75.0, "aspect": 1.7777777777777777}, {"camera_to_world": [0.651061044303273, -0.14429343595590538, 0.745183816873911, -0.27974821641331155, 0.7589984999475676, 0.11550337187487528, -0.6407653612383213, -0.20258870401920928, 0.006386992099078004, 0.9827707644336869, 0.18471824735621822, -0.17557852553834746, 0.0, 0.0, 0.0, 1.0], "fov": 75.0, "aspect": 1.7777777777777777}, {"camera_to_world": [0.655205981486436, -0.1430269263823789, 0.7417873146354051, -0.279286537673073, 0.7553985483210337, 0.1125488191018226, -0.6455275335051637, -0.1982179286784918, 0.00884053272551466, 0.9832985618053119, 0.18178499204481735, -0.17513814732688304, 0.0, 0.0, 0.0, 1.0], "fov": 75.0, "aspect": 1.7777777777777777}, {"camera_to_world": [0.6601396085364128, -0.14154534859410556, 0.7376859843678505, -0.27877824699084763, 0.7510531794283337, 0.10920077424741476, -0.6511484566320928, -0.1933630931700235, 0.011611154636067822, 0.9838902912393933, 0.1783958404584564, -0.17463395637690274, 0.0, 0.0, 0.0, 1.0], "fov": 75.0, "aspect": 1.7777777777777777}, {"camera_to_world": [0.6658331572373246, -0.13986216006132868, 0.7328743295452198, -0.27822385765490226, 0.7459562158311407, 0.10546314191144363, -0.6575917044496921, -0.18803568234791343, 0.014680966802663231, 0.9845385222941486, 0.1745519044083826, -0.17406719308867036, 0.0, 0.0, 0.0, 1.0], "fov": 75.0, "aspect": 1.7777777777777777}, {"camera_to_world": [0.6722524083995427, -0.13799275113266574, 0.7273477160449826, -0.2776240434000071, 0.7401024524182253, 0.10134105297090185, -0.6648145236885832, -0.18224925344815024, 0.01802940169676126, 0.9852349930943314, 0.17025554045865807, -0.17343936308602928, 0.0, 0.0, 0.0, 1.0], "fov": 75.0, "aspect": 1.7777777777777777}, {"camera_to_world": [0.6793579391465289, -0.13595427727165177, 0.7211027839428468, -0.27697963556651695, 0.733488095614661, 0.09684099375501601, -0.6727681885464853, -0.17601938802386533, 0.021633402648661704, 0.9859707178309527, 0.16551054186896091, -0.17275223142601148, 0.0, 0.0, 0.0, 1.0], "fov": 75.0, "aspect": 1.7777777777777777}, {"camera_to_world": [0.687105422132577, -0.13376546678435614, 0.7141378989886873, -0.2762916197743461, 0.7261112435623125, 0.0919709411317867, -0.6813984208667682, -0.169363637228664, 0.025467643165499987, 0.986736107519785, 0.16032234176276872, -0.17200781596938933, 0.0, 0.0, 0.0, 1.0], "fov": 75.0, "aspect": 1.7777777777777777}, {"camera_to_world": [0.6954459778771325, -0.13144640525632395, 0.7064536321654162, -0.27556113212678585, 0.7179723949854693, 0.08674049851425189, -0.6906458759424604, -0.16230146066256818, 0.029504777466509313, 0.9875211027936007, 0.15469822120490734, -0.17120837993894597, 0.0, 0.0, 0.0, 1.0], "fov": 75.0, "aspect": 1.7777777777777777}, {"camera_to_world": [0.7043265806804142, -0.12901829834046935, 0.6980532547308734, -0.27478945495995577, 0.7090749734038622, 0.08116102757063987, -0.7004466929724136, -0.15485415900719085, 0.03371572095252251, 0.9883153172429373, 0.14864751549771738, -0.17035642369374795, 0.0, 0.0, 0.0, 1.0], "fov": 75.0, "aspect": 1.7777777777777777}, {"camera_to_world": [0.7136905176258981, -0.12650321501451112, 0.6889432354279053, -0.27397801215448125, 0.6994258526076625, 0.07524577035478466, -0.7107331079580852, -0.14704480068830178, 0.03806995869346291, 0.9891081895499134, 0.1421818118128006, -0.16945467574914289, 0.0, 0.0, 0.0, 1.0], "fov": 75.0, "aspect": 1.7777777777777777}, {"camera_to_world": [0.7234778989986835, -0.12392381394316704, 0.6791337261528321, -0.2731283640267585, 0.6890358689007368, 0.06900995666983814, -0.721434125370178, -0.13889814281492105, 0.04253587930979269, 0.9898891423882811, 0.13531513127930805, -0.16850608307357645, 0.0, 0.0, 0.0, 1.0], "fov": 75.0, "aspect": 1.7777777777777777}, {"camera_to_world": [0.7336262170890882, -0.12130305611831793, 0.6686390223251335, -0.27224220181789127, 0.6779203055787915, 0.062470891743301754, -0.7324762432794353, -0.1304405466545198, 0.04708113086483956, 0.9906477458012776, 0.12806408885919182, -0.16751380069462457, 0.0, 0.0, 0.0, 1.0], "fov": 75.0, "aspect": 1.7777777777777777}, {"camera_to_world": [0.7440709488547774, -0.11866390748767719, 0.6574779845212364, -0.2713213417990764, 0.6660993354591028, 0.05564801972314662, -0.7437842248944477, -0.12169988791378446, 0.05167299460349578, 0.9913738825290128, 0.12044802475781324, -0.16648118064787112, 0.0, 0.0, 0.0, 1.0], "fov": 75.0, "aspect": 1.7777777777777777}, {"camera_to_world": [0.754746196339734, -0.11602903579462409, 0.645674408632767, -0.27036771901286216, 0.6535984080287135, 0.048562959096235064, -0.7552819076518045, -0.11270546210374266, 0.05627877160204425, 0.9920579125516753, 0.11248910174135839, -0.16541176030342536, 0.0, 0.0, 0.0, 1.0], "fov": 75.0, "aspect": 1.7777777777777777}, {"camera_to_world": [0.7655853571602588, -0.11342050631276279, 0.6332573328825775, -0.26938338067031903, 0.640448568926046, 0.04123950686802158, -0.766893039239412, -0.10348788527683779, 0.0608661766696314, 0.9926908339563931, 0.10421236354954369, -0.1643092501059726, 0.0, 0.0, 0.0, 1.0], "fov": 75.0, "aspect": 1.7777777777777777}, {"camera_to_world": [0.7765218158383187, -0.11085948154250574, 0.6202612714649263, -0.26837047922473306, 0.6266867010002184, 0.03370360920718177, -0.7785421282858573, -0.094078990431768, 0.06540373320096571, 0.9932644371357187, 0.09564575058433344, -0.16317752076527642, 0.0, 0.0, 0.0, 1.0], "fov": 75.0, "aspect": 1.7777777777777777}, {"camera_to_world": [0.7874896453643105, -0.10836593021903196, 0.606726366339684, -0.267331265142971, 0.6123556780711179, 0.02598329722491549, -0.7901552960016046, -0.08451171988960544, 0.06986116215791138, 0.993771449294598, 0.0868200701961269, -0.1620205899350128, 0.0, 0.0, 0.0, 1.0], "fov": 75.0, "aspect": 1.7777777777777777}, {"camera_to_world": [0.7984243071766592, -0.1059583511397815, 0.5926984507599209, -0.26626807939616115, 0.5975044246939911, 0.018108587595481618, -0.8016611138918983, -0.07482001395184382, 0.07420975798757401, 0.9942056662879342, 0.07776892014416936, -0.16084260841870684, 0.0, 0.0, 0.0, 1.0], "fov": 75.0, "aspect": 1.7777777777777777}, {"camera_to_world": [0.8092633368212329, -0.10365351733789718, 0.5782290203893663, -0.26518334569179536, 0.5821878776526613, 0.010111348796632336, -0.8129914118487374, -0.06503869615761484, 0.07842274409413252, 0.9945620689373769, 0.06852856513710967, -0.15964784594236506, 0.0, 0.0, 0.0, 1.0], "fov": 75.0, "aspect": 1.7777777777777777}, {"camera_to_world": [0.819947001957088, -0.1014662459939458, 0.5633751102999487, -0.264079562469776, 0.5664668474897879, 0.0020251348177219852, -0.824082040529917, -0.055203355463354684, 0.08247560049229483, 0.9948369211850083, 0.0591377677171638, -0.15844067653415, 0.0, 0.0, 0.0, 1.0], "fov": 75.0, "aspect": 1.7777777777777777}, {"camera_to_world": [0.8304189191520702, -0.0994091991863863, 0.5481990786488324, -0.2629592946853173, 0.5504077810445107, -0.006115010790972111, -0.8348735719908039, -0.04535022567369542, 0.08634635649502229, 0.9950278477309805, 0.04963757608794838, -0.15722556355213033, 0.0, 0.0, 0.0, 1.0], "fov": 75.0, "aspect": 1.7777777777777777}, {"camera_to_world": [0.8406266160929206, -0.0974927201331281, 0.5327683003306496, -0.26182516540195244, 0.5340824286134018, -0.01427277671177632, -0.8453119230741669, -0.03551606245729586, 0.09001584173119798, 0.9951338891656637, 0.040071072751357364, -0.1560070444017551, 0.0, 0.0, 0.0, 1.0], "fov": 75.0, "aspect": 1.7777777777777777}, {"camera_to_world": [0.8505220264334507, -0.09572470898082103, 0.5171547762924305, -0.2606798472182046, 0.5175674218826953, -0.022410826859279157, -0.8553488870894635, -0.025738018285724175, 0.09346788944464682, 0.9951555330349225, 0.030483088963271475, -0.15478971498525068, 0.0, 0.0, 0.0, 1.0], "fov": 75.0, "aspect": 1.7777777777777777}, {"camera_to_world": [0.8600619055168027, -0.09411054147072515, 0.5014346663952276, -0.25952605355174924, 0.5009437711019331, -0.030491059284841374, -0.8649425608084403, -0.016053515637343474, 0.09668948687928938, 0.9950947197567553, 0.020919890995043426, -0.15357821392561694, 0.0, 0.0, 0.0, 1.0], "fov": 75.0, "aspect": 1.7777777777777777}, {"camera_to_world": [0.8692081566114276, -0.09265303297193783, 0.4856877556221332, -0.2583665298051228, 0.48429629199102575, -0.038474875205252015, -0.8740576557308357, -0.006500118811452715, 0.0996708685820841, 0.9949548228231482, 0.011428844957019832, -0.15237720660831242, 0.0, 0.0, 0.0, 1.0], "fov": 75.0, "aspect": 1.7777777777777777}, {"camera_to_world": [0.8779280590558675, -0.09135244945128351, 0.4699968649912976, -0.257204044437225, 0.46771297451390226, -0.04632345210270447, -0.8826656848754496, 0.002884595299322745, 0.10240554962381271, 0.9947406032552101, 0.002058067468695933, -0.1511913690840594, 0.0, 0.0, 0.0, 1.0], "fov": 75.0, "aspect": 1.7777777777777777}, {"camera_to_world": [0.8861943917601272, -0.0902065659750548, 0.454447219672303, -0.256041379965015, 0.4512843068467596, -0.05399801479235916, -0.8907450189545403, 0.012063167128201302, 0.10489029700948554, 0.9944581388140341, -0.007143930276090019, -0.15002537187647422, 0.0, 0.0, 0.0, 1.0], "fov": 75.0, "aspect": 1.7777777777777777}, {"camera_to_world": [0.893985447794619, -0.0892107723438712, 0.43912578747924197, -0.2548813239199174, 0.43510256856958307, -0.061460098528910934, -0.8982808086077358, 0.020998384693130312, 0.10712503888263308, 0.9941147289858583, -0.016128597513975163, -0.14888386373843532, 0.0, 0.0, 0.0, 1.0], "fov": 75.0, "aspect": 1.7777777777777777}, {"camera_to_world": [0.901284938235822, -0.08835822448147676, 0.424120601098003, -0.25372665978352804, 0.41926110728906485, -0.06867179862065707, -0.9052647723119193, 0.0296534138424549, 0.10911271247658363, 0.9937187772406663, -0.024847690744161998, -0.1477714554012358, 0.0, 0.0, 0.0, 1.0], "fov": 75.0, "aspect": 1.7777777777777777}, {"camera_to_world": [0.9080817859506872, -0.08764003926317873, 0.40952007709336885, -0.2525801579272511, 0.40385361255447383, -0.07559600162489236, -0.911694852549377, 0.03799192813387733, 0.11085905308684169, 0.9932796524928303, -0.03325360570541265, -0.14669270336063883, 0.0, 0.0, 0.0, 1.0], "fov": 75.0, "aspect": 1.7777777777777777}, {"camera_to_world": [0.9143698125086832, -0.08704552960856493, 0.39541234394995806, -0.2514445665804963, 0.3889734000734988, -0.08219659399017923, -0.9175747457137624, 0.045978237993224, 0.11237232759045857, 0.9928075320582426, -0.04129968862261063, -0.1456520937439519, 0.0, 0.0, 0.0, 1.0], "fov": 75.0, "aspect": 1.7777777777777777}, {"camera_to_world": [0.9201473238341793, -0.08656247590024671, 0.38188459016673754, -0.25032260285202856, 0.3747127179124924, -0.08843864495956982, -0.9229133139750169, 0.053577418800078914, 0.11366301718426614, 0.9923132286953219, -0.048940521869253246, -0.14465402630216834, 0.0, 0.0, 0.0, 1.0], "fov": 75.0, "aspect": 1.7777777777777777}, {"camera_to_world": [0.9254166024828955, -0.08617742914395551, 0.36902244180422583, -0.24921694382898404, 0.3611620846353696, -0.09428856161844248, -0.9277238898345559, 0.060755437548444924, 0.11474345502401812, 0.9918080045321593, -0.05613218038779036, -0.1437027985710881, 0.0, 0.0, 0.0, 1.0], "fov": 75.0, "aspect": 1.7777777777777777}, {"camera_to_world": [0.9301833164854606, -0.08587604076699243, 0.356909376949241, -0.24813021777795488, 0.34840966727527445, -0.09971421512109159, -0.9320234863199091, 0.0674792777322406, 0.11562742529885417, 0.9913033748177049, -0.06283245653153594, -0.14280259024512257, 0.0, 0.0, 0.0, 1.0], "fov": 75.0, "aspect": 1.7777777777777777}, {"camera_to_world": [0.9344558565025957, -0.08564341356644367, 0.3456261824004187, -0.2470649954723872, 0.3365407047349811, -0.10468503831834122, -0.9358319276498157, 0.07371706210763782, 0.11632973095680516, 0.9908109044943816, -0.06900105238721221, -0.14195744780721548, 0.0, 0.0, 0.0, 1.0], "fov": 75.0, "aspect": 1.7777777777777777}, {"camera_to_world": [0.9382446145485026, -0.08546446806332202, 0.33525045558415756, -0.24602378167035072, 0.3256369797773286, -0.10917209619021162, -0.9391709167211979, 0.07943817298698885, 0.11686573780296552, 0.9903420005796426, -0.07459974005102102, -0.1411712694579684, 0.0, 0.0, 0.0, 1.0], "fov": 75.0, "aspect": 1.7777777777777777}, {"camera_to_world": [0.9415612187448213, -0.08532431838509622, 0.32585615238611876, -0.24500900676650456, 0.3157763403030286, -0.11314813161941263, -0.9420630569212773, 0.08461336972239182, 0.11725090302676806, 0.9899077032749846, -0.07959249170777749, -0.14044779038664842, 0.0, 0.0, 0.0, 1.0], "fov": 75.0, "aspect": 1.7777777777777777}, {"camera_to_world": [0.9444177394642677, -0.08520865177254758, 0.31751317933009837, -0.24402301864181858, 0.30703226822824004, -0.11658759008180924, -0.944530846561158, 0.08921490304077992, 0.11750029639036881, 0.98951847860564, -0.08394558264825343, -0.13979056842627588, 0.0, 0.0, 0.0, 1.0], "fov": 75.0, "aspect": 1.7777777777777777}, {"camera_to_world": [0.9468258828206583, -0.0851041058689415, 0.310287026453136, -0.24306807473430242, 0.29947349207325485, -0.11946662774112715, -0.9465956646856214, 0.09321662589682336, 0.11762812234466417, 0.9891840152471184, -0.08762767150425578, -0.13920297013444122, 0.0, 0.0, 0.0, 1.0], "fov": 75.0, "aspect": 1.7777777777777777}, {"camera_to_world": [0.9487961877802495, -0.08499863807876348, 0.3042384354062138, -0.24214633435364924, 0.2931636374548038, -0.12176310818335447, -0.9482767671728528, 0.09659410051486712, 0.11764725125532656, 0.9889130280314259, -0.0906098629387661, -0.13868815734088377, 0.0, 0.0, 0.0, 1.0], "fov": 75.0, "aspect": 1.7777777777777777}, {"camera_to_world": [0.9503372432351239, -0.08488188145740742, 0.2994230958368366, -0.24125985126232097, 0.2881609081252559, -0.12345659358341948, -0.9495903119394205, 0.09932470129662359, 0.11756876774336206, 0.9887130704613087, -0.09286575876111912, -0.1382490742021794, 0.0, 0.0, 0.0, 1.0], "fov": 75.0, "aspect": 1.7777777777777777}, {"camera_to_world": [0.951454941223117, -0.08474548179061965, 0.29589136205403244, -0.24041056654517828, 0.2845177890967654, -0.12452833643985955, -0.9505484317545367, 0.1013877132773793, 0.11740154389786907, 0.9885903584091829, -0.09437150391299183, -0.1378884348031303, 0.0, 0.0, 0.0, 1.0], "fov": 75.0, "aspect": 1.7777777777777777}, {"camera_to_world": [0.9523223210726556, -0.08455576685739594, 0.29314248937666404, -0.23944477943123815, 0.2817215147164137, -0.12510467997151986, -0.9513053175480061, 0.10308967963935278, 0.11711184796031249, 0.9885338341910109, -0.09531880049045603, -0.13754833256573512, 0.0, 0.0, 0.0, 1.0], "fov": 75.0, "aspect": 1.7777777777777777}, {"camera_to_world": [0.9531107796999363, -0.08428284138735259, 0.2906479731005427, -0.238210303609479, 0.2792302083134674, -0.1253239829848798, -0.9520107090017544, 0.10474636395512896, 0.11666332922129816, 0.988529363214103, -0.09591332377997892, -0.13716990325799455, 0.0, 0.0, 0.0, 1.0], "fov": 75.0, "aspect": 1.7777777777777777}, {"camera_to_world": [0.9538214652883891, -0.08392633537915607, 0.28841113464104673, -0.2367126002089409, 0.277046570828874, -0.12518836839809272, -0.9526662951998381, 0.10635245336371242, 0.11605951036891497, 0.9885768774595372, -0.09615584956350225, -0.1367544424864416, 0.0, 0.0, 0.0, 1.0], "fov": 75.0, "aspect": 1.7777777777777777}, {"camera_to_world": [0.9544557169436944, -0.0834867026039637, 0.2864336832179758, -0.23495886060716523, 0.2751711351877457, -0.12470201281854218, -0.953273441546806, 0.10790275742612594, 0.11530451315098536, 0.9886755678620371, -0.09604941832042903, -0.1363035004548765, 0.0, 0.0, 0.0, 1.0], "fov": 75.0, "aspect": 1.7777777777777777}, {"camera_to_world": [0.9550150333469165, -0.08296520924031245, 0.2847157532296013, -0.23295793259568337, 0.2736023325068203, -0.12387107270462316, -0.9538331725169937, 0.10939222499711491, 0.11440301450667892, 0.9888239132437671, -0.09559926186465811, -0.13581886941302818, 0.0, 0.0, 0.0, 1.0], "fov": 75.0, "aspect": 1.7777777777777777}, {"camera_to_world": [0.9555010484978216, -0.08236391090472019, 0.28325594874608173, -0.23072023706691785, 0.27233657365196584, -0.12270360430560431, -0.9543461720685639, 0.11081596131381075, 0.11336020894066376, 0.98901972258944, -0.09481271728009943, -0.13530256964272316, 0.0, 0.0, 0.0, 1.0], "fov": 75.0, "aspect": 1.7777777777777777}, {"camera_to_world": [0.955915514261053, -0.08168561879235361, 0.2820513947448884, -0.22825767585886708, 0.2713683448365338, -0.12120947764970492, -0.9548128004737714, 0.11216924523655021, 0.11218177666495868, 0.9892601893386775, -0.09369912899220224, -0.13475683408358557, 0.0, 0.0, 0.0, 1.0], "fov": 75.0, "aspect": 1.7777777777777777