{"default_fov": 75.0, "default_transition_sec": 2.0, "keyframes": [{"matrix": [0.9392176646747982, 0.027162682867979238, 0.34224606209894065, -0.11606961924126658, 0.3393374799502653, 0.07799372932738405, -0.9374257585999066, 0.0900744033494351, -0.052156045323832056, 0.996583748033762, 0.06403577196503563, 0.03617536398363595, 0.0, 0.0, 0.0, 1.0], "fov": 75.0, "aspect": 1.7777777777777777, "override_transition_enabled": false, "override_transition_sec": null}, {"matrix": [0.8084907929843724, -0.054335930273209876, 0.5859950890074469, 0.07466865481591335, 0.5880187725828707, 0.11521090675771076, -0.800600006279166, 0.19714317063220554, -0.024011679442197398, 0.9918538469176854, 0.12509750439139145, 0.08395733711203004, 0.0, 0.0, 0.0, 1.0], "fov": 75.0, "aspect": 1.7777777777777777, "override_transition_enabled": false, "override_transition_sec": null}, {"matrix": [0.8999179360923146, -0.10570482152385785, 0.4230534233474042, -0.0520726228079474, 0.43400374196907, 0.3112101907628409, -0.8454519318815241, 0.15979726457397006, -0.04229019101628129, 0.9444441263896799, 0.32593992064771826, 0.2342969925831794, 0.0, 0.0, 0.0, 1.0], "fov": 75.0, "aspect": 1.7777777777777777, "override_transition_enabled": false, "override_transition_sec": null}, {"matrix": [0.9793928769112565, 0.031137421505401316, 0.1995496270041299, -0.2847653273009452, 0.1909149430156356, 0.1795947980506045, -0.9650374049986349, 0.12601151328807314, -0.06588685141080133, 0.9832477660768711, 0.1699492668887201, 0.05358231395800246, 0.0, 0.0, 0.0, 1.0], "fov": 75.0, "aspect": 1.7777777777777777, "override_transition_enabled": false, "override_transition_sec": null}], "camera_type": "perspective", "render_height": 1080.0, "render_width": 1920.0, "fps": 30.0, "seconds": 8.0, "is_cycle": true, "smoothness_value": 0.0, "camera_path": [{"camera_to_world": [0.9392176646747982, 0.027162682867979238, 0.34224606209894065, -0.11606961924126658, 0.3393374799502653, 0.07799372932738405, -0.9374257585999066, 0.0900744033494351, -0.052156045323832056, 0.996583748033762, 0.06403577196503563, 0.03617536398363595, 0.0, 0.0, 0.0, 1.0], "fov": 75.0, "aspect": 1.7777777777777777}, {"camera_to_world": [0.9385582870663245, 0.026818259982506726, 0.34407720457862007, -0.11446867072264628, 0.34119728468833554, 0.07780030427174554, -0.936766526716519, 0.09044445961414345, -0.05189175946558172, 0.9966081946215044, 0.0638698028244312, 0.03632358972944523, 0.0, 0.0, 0.0, 1.0], "fov": 75.0, "aspect": 1.7777777777777777}, {"camera_to_world": [0.9377865652352109, 0.026387759858478438, 0.34620809377309036, -0.11266621240300881, 0.34335857255053515, 0.07766622399265286, -0.935987632560806, 0.09095855119142066, -0.05158729223757055, 0.9966301439252049, 0.06377387787504496, 0.03651442992608359, 0.0, 0.0, 0.0, 1.0], "fov": 75.0, "aspect": 1.7777777777777777}, {"camera_to_world": [0.9369044093511283, 0.025873903026277678, 0.34862683327678656, -0.1106699003602285, 0.3458094131132621, 0.07758964356338202, -0.9350912773702729, 0.09161170797279662, -0.05124429276197301, 0.9966495815249681, 0.06374663995404846, 0.036746816801792204, 0.0, 0.0, 0.0, 1.0], "fov": 75.0, "aspect": 1.7777777777777777}, {"camera_to_world": [0.9359135641239623, 0.025279362033762243, 0.3513214401996378, -0.10848739067217969, 0.34853781197332145, 0.07756866316076409, -0.9340794913283886, 0.09239895984980126, -0.05086446808560302, 0.996666471970748, 0.06378675047179289, 0.03701968258481221, 0.0, 0.0, 0.0, 1.0], "fov": 75.0, "aspect": 1.7777777777777777}, {"camera_to_world": [0.934815645006202, 0.024606767673644253, 0.35427985666178363, -0.1061263394167368, 0.3515317197956246, 0.0776013371326932, -0.9329541695350039, 0.09331533671396446, -0.05044957709603887, 0.9966807610563542, 0.06389288466611476, 0.03733195950338479, 0.0, 0.0, 0.0, 1.0], "fov": 75.0, "aspect": 1.7777777777777777}, {"camera_to_world": [0.9336121729913585, 0.02385871503087253, 0.35748996092118346, -0.10359440267177411, 0.3547790410662425, 0.07768568268929725, -0.9317171065968548, 0.09435586845681616, -0.050001424604415784, 0.9966923780295369, 0.06406372698614626, 0.03768257978575107, 0.0, 0.0, 0.0, 1.0], "fov": 75.0, "aspect": 1.7777777777777777}, {"camera_to_world": [0.9323046079812228, 0.023037769326845425, 0.3609395782141677, -0.10089923651516604, 0.3582676426311576, 0.07781968823623567, -0.9303700298087466, 0.09551558496988624, -0.049521855584089114, 0.9967012377373964, 0.06429796662609538, 0.038070475660152224, 0.0, 0.0, 0.0, 1.0], "fov": 75.0, "aspect": 1.7777777777777777}, {"camera_to_world": [0.9308943806974278, 0.022146471540222507, 0.3646164913772696, -0.09804849702478691, 0.3619853620892942, 0.07800132136653311, -0.9289146308989633, 0.09678951614470462, -0.04901274955595633, 0.9967072427063992, 0.06459429322759219, 0.0384945793548294, 0.0, 0.0, 0.0, 1.0], "fov": 75.0, "aspect": 1.7777777777777777}, {"camera_to_world": [0.9293829231152644, 0.021187343786898988, 0.36850845130740517, -0.09504984027851107, 0.3659200160971109, 0.0782285365253396, -0.9273525963152276, 0.09817269187280118, -0.048476015112801724, 0.9967102851563032, 0.06495139276739226, 0.03895382309802376, 0.0, 0.0, 0.0, 1.0], "fov": 75.0, "aspect": 1.7777777777777777}, {"camera_to_world": [0.9277716974000516, 0.020162894444363283, 0.3726031873066207, -0.0919109223542129, 0.3700594086311709, 0.078499282360009, -0.9256856360301328, 0.09966014204570586, -0.04791358457656056, 0.9967102489473, 0.06536794364545767, 0.039447139117976454, 0.0, 0.0, 0.0, 1.0], "fov": 75.0, "aspect": 1.7777777777777777}, {"camera_to_world": [0.9260622233286048, 0.019075623008166898, 0.3768884173472721, -0.08863939932976675, 0.37439133924475687, 0.07881150876602686, -0.9239155108474691, 0.10124689655494856, -0.047327408783902764, 0.9967070114596731, 0.06584261298679295, 0.03997345964292864, 0.0, 0.0, 0.0, 1.0], "fov": 75.0, "aspect": 1.7777777777777777}, {"camera_to_world": [0.9242561041805746, 0.017928024670649856, 0.3813518582836005, -0.08524292728304694, 0.3789036113446915, 0.07916317363742667, -0.9220440581933174, 0.1029279852920592, -0.04671945199697586, 0.9967004454052677, 0.0663740531687124, 0.04053171690112147, 0.0, 0.0, 0.0, 1.0], "fov": 75.0, "aspect": 1.7777777777777777}, {"camera_to_world": [0.9223550510866152, 0.016722594614333813, 0.38598123602627654, -0.08172916229192788, 0.38358404050515416, 0.07955224932863511, -0.9200732163781833, 0.10469843814856764, -0.046091686937535764, 0.9966904205700582, 0.06696089858367248, 0.041120843120796106, 0.0, 0.0, 0.0, 1.0], "fov": 75.0, "aspect": 1.7777777777777777}, {"camera_to_world": [0.9203609058225628, 0.01546183201458376, 0.39076429568759785, -0.0781057604342839, 0.3884204628263973, 0.07997672883299767, -0.918005047318859, 0.10655328501600381, -0.04544608994400853, 0.9966768054870776, 0.06760176264621458, 0.041739770530193704, 0.0, 0.0, 0.0, 1.0], "fov": 75.0, "aspect": 1.7777777777777777}, {"camera_to_world": [0.9182756620410562, 0.014148243748209388, 0.39568881169664283, -0.07438037778798937, 0.3934007433378994, 0.08043463168169207, -0.9158417577111335, 0.10848755578589761, -0.0447846362522715, 0.9966594690389852, 0.06829523505106294, 0.04238743135755541, 0.0, 0.0, 0.0, 1.0], "fov": 75.0, "aspect": 1.7777777777777777}, {"camera_to_world": [0.9161014849343211, 0.012784347806655272, 0.40074259787585625, -0.07056067043091863, 0.3985127844376668, 0.08092400956528159, -0.9135857186469237, 0.11049628034977899, -0.044109295402097015, 0.9966382819895275, 0.0690398792879439, 0.043062757831122386, 0.0, 0.0, 0.0, 1.0], "fov": 75.0, "aspect": 1.7777777777777777}, {"camera_to_world": [0.913840729324213, 0.011372676414313249, 0.40591351746322246, -0.06665429444094603, 0.4037445343520798, 0.0814429516788146, -0.9112394836719182, 0.11257448859917778, -0.043422026772281436, 0.9966131184431686, 0.0698342304172508, 0.043764682179135796, 0.0, 0.0, 0.0, 1.0], "fov": 75.0, "aspect": 1.7777777777777777}, {"camera_to_world": [0.9114959561780251, 0.009915778854284463, 0.41118949305742314, -0.06266890589594595, 0.4090839955939073, 0.08198958979014045, -0.9088058052823873, 0.11471721042562395, -0.042724775248463936, 0.9965838572321737, 0.07067679310927187, 0.04449213662983678, 0.0, 0.0, 0.0, 1.0], "fov": 75.0, "aspect": 1.7777777777777777}, {"camera_to_world": [0.9090699475510606, 0.008416224005616368, 0.41655851645717096, -0.05861216087379273, 0.41451923338990004, 0.08256210303000094, -0.9062876498624003, 0.11691947572064738, -0.04201946702852677, 0.9965503832304469, 0.07156603994834246, 0.0452440534114665, 0.0, 0.0, 0.0, 1.0], "fov": 75.0, "aspect": 1.7777777777777777}, {"camera_to_world": [0.906565719959506, 0.0068766025976551015, 0.4220086583602479, -0.054491715452360714, 0.42003838404368105, 0.08315872240143599, -0.9036882110653731, 0.11917631437577798, -0.04130800557126474, 0.9965125885934784, 0.07250041000194088, 0.046019364752266124, 0.0, 0.0, 0.0, 1.0], "fov": 75.0, "aspect": 1.7777777777777777}, {"camera_to_world": [0.9039865361897405, 0.005299529188675739, 0.4275280778826737, -0.05031522570952429, 0.4256296631945157, 0.08377773500516013, -0.9010109216465295, 0.12148275628254565, -0.04059226769470159, 0.9964703739237729, 0.0734783076534711, 0.046817002880476785, 0.0, 0.0, 0.0, 1.0], "fov": 75.0, "aspect": 1.7777777777777777}, {"camera_to_world": [0.901335915552831, 0.003687643877383434, 0.4331050318539067, -0.0460903477231578, 0.43128137392797894, 0.08441748797677426, -0.8982594637555936, 0.12383383133248031, -0.03987409983102774, 0.9964236493612169, 0.07449810169622088, 0.04763590002433965, 0.0, 0.0, 0.0, 1.0], "fov": 75.0, "aspect": 1.7777777777777777}, {"camera_to_world": [0.8986176425956172, 0.002043613757218954, 0.43872788383998, -0.04182473757113556, 0.43698191469048225, 0.08507639213101478, -0.8954377777017282, 0.12622456941711188, -0.0391553144456252, 0.9963723355978831, 0.07555812468479549, 0.04847498841209589, 0.0, 0.0, 0.0, 1.0], "fov": 75.0, "aspect": 1.7777777777777777}, {"camera_to_world": [0.8958357742824218, 0.00037013412464756423, 0.4443851128430649, -0.037526051331332, 0.44271978695614944, 0.08575292530766668, -0.8925500692054644, 0.12865000042797023, -0.038437686628039786, 0.9963163648168725, 0.07665667253916711, 0.049333200271986635, 0.0, 0.0, 0.0, 1.0], "fov": 75.0, "aspect": 1.7777777777777777}, {"camera_to_world": [0.8929946456640456, -0.0013300705462392093, 0.4500653216230813, -0.03320194508162144, 0.4484836025915879, 0.08644563541330394, -0.8896008151550113, 0.13110515425658525, -0.03772295086305222, 0.9962556815548568, 0.07779200439538494, 0.05020946783225304, 0.0, 0.0, 0.0, 1.0], "fov": 75.0, "aspect": 1.7777777777777777}, {"camera_to_world": [0.8900988740532676, -0.003054245849431342, 0.4557572445846544, -0.028860074899878206, 0.4542620908616982, 0.08715314315265917, -0.8865947678869813, 0.13358506079448693, -0.03701279799020152, 0.9961902434881117, 0.07896234269595352, 0.05110272332113628, 0.0, 0.0, 0.0, 1.0], "fov": 75.0, "aspect": 1.7777777777777777}, {"camera_to_world": [0.8871533617285698, -0.004799606898689385, 0.4614497551709346, -0.024508096863976703, 0.4600441050177986, 0.08787414444314043, -0.8835369580140715, 0.1360847499332051, -0.03630887236021124, 0.9961200221419126, 0.08016587351189873, 0.05201189896687751, 0.0, 0.0, 0.0, 1.0], "fov": 75.0, "aspect": 1.7777777777777777}, {"camera_to_world": [0.8841632971901904, -0.006563337970042188, 0.4671318727045523, -0.02015366705179127, 0.46581862840799715, 0.08860741250583437, -0.8804326958246796, 0.1385992515642697, -0.03561276919678241, 0.9960450035232905, 0.08140074708763301, 0.052935926997717875, 0.0, 0.0, 0.0, 1.0], "fov": 75.0, "aspect": 1.7777777777777777}, {"camera_to_world": [0.8811341549948657, -0.00834259231918888, 0.4727927686152569, -0.015804441541196267, 0.47157478004892817, 0.08935179962620898, -0.8772875712817106, 0.1411235955792106, -0.03492603217213627, 0.9959651886772717, 0.08266507859886958, 0.053873739641898524, 0.0, 0.0, 0.0, 1.0], "fov": 75.0, "aspect": 1.7777777777777777}, {"camera_to_world": [0.878071694197719, -0.010134492157275687, 0.4784217719935637, -0.01146807641006602, 0.47730181959763596, 0.09010623857771827, -0.8741074526499366, 0.14365281186955775, -0.03425015120452976, 0.9958805941668356, 0.08395694911308661, 0.05482426912766063, 0.0, 0.0, 0.0, 1.0], "fov": 75.0, "aspect": 1.7777777777777777}, {"camera_to_world": [0.8749819554316455, -0.011936128768009646, 0.4840083744100377, -0.00715222773627493, 0.4829891516625947, 0.09086974370149986, -0.8708984837831963, 0.14618193032684101, -0.03358656048571901, 0.9957912524769721, 0.0852744067413073, 0.055786447683245345, 0.0, 0.0, 0.0, 1.0], "fov": 75.0, "aspect": 1.7777777777777777}, {"camera_to_world": [0.8718712566562415, -0.013744562748680522, 0.48954223394055996, -0.0028645515976973178, 0.48862632939345974, 0.09164141163547831, -0.8676670801044208, 0.14870598084259035, -0.03293663674603897, 0.9956972123433432, 0.08661546796938221, 0.05675920753689382, 0.0, 0.0, 0.0, 1.0], "fov": 75.0, "aspect": 1.7777777777777777}, {"camera_to_world": [0.8687461876097232, -0.015556824357397137, 0.4950131783392081, 0.0013872959277924535, 0.49420305729033176, 0.09242042168629448, -0.8644199233128635, 0.15121999330833563, -0.03230169776436964, 0.9955985390061803, 0.08797811915640567, 0.05774148091684721, 0.0, 0.0, 0.0, 1.0], "fov": 75.0, "aspect": 1.7777777777777777}, {"camera_to_world": [0.8656136029984534, -0.017369913948700633, 0.5004112073020054, 0.005595658762320021, 0.49970919317483425, 0.09320603583766009, -0.8611639548541178, 0.15371899761560676, -0.0316830011298187, 0.9954953143902002, 0.0893603181874614, 0.05873220005134666, 0.0, 0.0, 0.0, 1.0], "fov": 75.0, "aspect": 1.7777777777777777}, {"camera_to_world": [0.8624806144595043, -0.019180802479698167, 0.505726493766928, 0.009752880828011045, 0.5051347492673475, 0.09399759838894103, -0.8579063681892829, 0.1561980236559337, -0.031081743261437172, 0.9953876372114265, 0.09075999626754042, 0.05973029716863336, 0.0, 0.0, 0.0, 1.0], "fov": 75.0, "aspect": 1.7777777777777777}, {"camera_to_world": [0.859354581332195, -0.02098643206898257, 0.510949384198065, 0.013851306046991096, 0.5104698923171533, 0.09479453521800428, -0.8546545999001683, 0.15865210132084626, -0.030499058691732833, 0.9952756230119458, 0.09217505984322284, 0.060734704496948434, 0.0, 0.0, 0.0, 1.0], "fov": 75.0, "aspect": 1.7777777777777777}, {"camera_to_world": [0.8562431002746698, -0.022783716590844466, 0.5160703978047276, 0.017883278341385922, 0.5157049427350724, 0.09559635266259087, -0.8514163196675443, 0.16107626050187443, -0.029936019619139276, 0.9951594041237405, 0.09360339263854103, 0.06174435426453304, 0.0, 0.0, 0.0, 1.0], "fov": 75.0, "aspect": 1.7777777777777777}, {"camera_to_world": [0.8531539937613243, -0.02456954228767741, 0.5210802246495988, 0.021841141633321116, 0.5208303726813959, 0.09640263601473856, -0.8481994191591788, 0.16346553109054804, -0.02939363573395859, 0.9950391295628449, 0.09504285779139582, 0.06275817869962834, 0.0, 0.0, 0.0, 1.0], "fov": 75.0, "aspect": 1.7777777777777777}, {"camera_to_world": [0.8500952974962382, -0.02634076838398619, 0.5259697226036146, 0.025717239844922336, 0.5258368030654608, 0.09721304762301612, -0.8450119998637541, 0.16581494297839708, -0.028872854321629615, 0.9949149648551813, 0.09649130007692694, 0.06377511003047551, 0.0, 0.0, 0.0, 1.0], "fov": 75.0, "aspect": 1.7777777777777777}, {"camera_to_world": [0.8470752467766631, -0.028094227686086215, 0.530729913109274, 0.029503916898315198, 0.5307149994171778, 0.0980273245975677, -0.8418623599056246, 0.1681195260569514, -0.02837456064646704, 0.9947870917955083, 0.09794654820438808, 0.06479408048531568, 0.0, 0.0, 0.0, 1.0], "fov": 75.0, "aspect": 1.7777777777777777}, {"camera_to_world": [0.8441022618390974, -0.02982672715237178, 0.5353519757183098, 0.03319351671562536, 0.5354558665950353, 0.09884527611318532, -0.8387589798738777, 0.1703743102177409, -0.027899578618315768, 0.9946557081410061, 0.09940641717431672, 0.06581402229239, 0.0, 0.0, 0.0, 1.0], "fov": 75.0, "aspect": 1.7777777777777777}, {"camera_to_world": [0.8411849322184739, -0.03153504841998811, 0.5398272413742664, 0.03677838321897851, 0.5400504422996997, 0.09966678030581753, -0.8357105076971156, 0.17257432535229555, -0.027448671743823205, 0.9945210272410638, 0.10086871068313967, 0.06683386767993964, 0.0, 0.0, 0.0, 1.0], "fov": 75.0, "aspect": 1.7777777777777777}, {"camera_to_world": [0.8383320001485146, -0.03321594827483676, 0.544147184415388, 0.040250860330500224, 0.5444898893672165, 0.10049178075809065, -0.8327257425929284, 0.17471460135214517, -0.027022544363311696, 0.9943832776049037, 0.10233122356280921, 0.06785254887620576, 0.0, 0.0, 0.0, 1.0], "fov": 75.0, "aspect": 1.7777777777777777}, {"camera_to_world": [0.8355523430283965, -0.03486615905306978, 0.5483034132783078, 0.04360329197231614, 0.5487654868209212, 0.10132028256954273, -0.829813618118084, 0.17679016810881976, -0.026621843173494475, 0.9942427024086795, 0.10379174424361413, 0.06886899810942951, 0.0, 0.0, 0.0, 1.0], "fov": 75.0, "aspect": 1.7777777777777777}, {"camera_to_world": [0.8328549549773986, -0.03648238896363698, 0.5522876598884872, 0.04682802206655203, 0.5528686196666961, 0.10215234800736415, -0.8269831843419941, 0.17879605551384914, -0.02624715903554986, 0.9940995589437149, 0.10524805722897829, 0.06988214760785202, 0.0, 0.0, 0.0, 1.0], "fov": 75.0, "aspect": 1.7777777777777777}, {"camera_to_world": [0.8302489274953171, -0.03806132232297721, 0.5560917677289445, 0.04991739453533339, 0.5567907674218785, 0.10298809173347444, -0.8242435891621199, 0.1807272934587633, -0.025899029067351587, 0.9939541180075288, 0.1066979455718084, 0.07089092959971452, 0.0, 0.0, 0.0, 1.0], "fov": 75.0, "aspect": 1.7777777777777777}, {"camera_to_world": [0.8277434292420521, -0.03959961969462472, 0.5597076785846777, 0.052863753300785896, 0.5605234913740922, 0.10382767560375315, -0.821604058775588, 0.18257891183509203, -0.025577939017946305, 0.9938066632392655, 0.1081391933427993, 0.0718942763132581, 0.0, 0.0, 0.0, 1.0], "fov": 75.0, "aspect": 1.7777777777777777}, {"camera_to_world": [0.8253476849448573, -0.04109391792836742, 0.5631274179663616, 0.05565944228503528, 0.5640584205725951, 0.10467130303521116, -0.8190738773163634, 0.18434594053436534, -0.025284325921684947, 0.9936574904010981, 0.10956958808208786, 0.0728911199767239, 0.0, 0.0, 0.0, 1.0], "fov": 75.0, "aspect": 1.7777777777777777}, {"camera_to_world": [0.8230709534364387, -0.042540830095570636, 0.5663430792231964, 0.058296805410207056, 0.5673872365611867, 0.10551921293676764, -0.8166623656620067, 0.18602340944811308, -0.02501858102874288, 0.9935069066070878, 0.11098692322667272, 0.07388039281835312, 0.0, 0.0, 0.0, 1.0], "fov": 75.0, "aspect": 1.7777777777777777}, {"camera_to_world": [0.8209225048212925, -0.043936945319431986, 0.569346806361406, 0.060768186598426935, 0.5705016568685348, 0.10637167319913882, -0.814378859408244, 0.18760634846786522, -0.024781053008127496, 0.9933552295009138, 0.11238900050714712, 0.07486102706638693, 0.0, 0.0, 0.0, 1.0], "fov": 75.0, "aspect": 1.7777777777777777}, {"camera_to_world": [0.8189115967614026, -0.04527882850126985, 0.572130775591772, 0.0630659297718206, 0.5733934172788957, 0.10722897373917614, -0.8122326860032617, 0.1890897874851516, -0.02457205141863711, 0.9932027863837251, 0.11377363230856342, 0.07583195494906643, 0.0, 0.0, 0.0, 1.0], "fov": 75.0, "aspect": 1.7777777777777777}, {"camera_to_world": [0.8170474498658455, -0.046563019946374073, 0.5746871756366174, 0.06518237885251368, 0.5760542529134749, 0.10809141909370995, -0.8102331410270791, 0.19046875639150215, -0.02439185044266101, 0.9930499132932755, 0.11513864399149977, 0.07679210869463282, 0.0, 0.0, 0.0, 1.0], "fov": 75.0, "aspect": 1.7777777777777777}, {"camera_to_world": [0.8153392221617399, -0.047786034895629104, 0.577008186834158, 0.06710987776263175, 0.5784758781604693, 0.10895932055771561, -0.8083894635941731, 0.19173828507844679, -0.024240692877119274, 0.992896954035289, 0.11648187617085538, 0.07774042053132724, 0.0, 0.0, 0.0, 1.0], "fov": 75.0, "aspect": 1.7777777777777777}, {"camera_to_world": [0.8137959826166444, -0.048944362971893196, 0.5790859590857698, 0.06884077042430048, 0.5806499654997768, 0.10983298786128316, -0.8067108108501904, 0.1928934034375154, -0.024118794375304953, 0.9927442591678579, 0.11780118695133321, 0.07867582268739085, 0.0, 0.0, 0.0, 1.0], "fov": 75.0, "aspect": 1.7777777777777777}, {"camera_to_world": [0.8124266836747889, -0.05003446755308355, 0.5809125886997666, 0.07036740075964551, 0.5825681232767492, 0.11071272037955254, -0.8052062315257908, 0.19392914136023792, -0.024026347932861458, 0.9925921849394335, 0.11909445412012534, 0.07959724739106477, 0.0, 0.0, 0.0, 1.0], "fov": 75.0, "aspect": 1.7777777777777777}, {"camera_to_world": [0.8112401327615325, -0.051052785087070784, 0.5824800941937025, 0.07168211269079261, 0.5842218724881663, 0.11159879786943239, -0.8038846385026388, 0.19484052873814423, -0.023963528610618068, 0.9924410921807656, 0.1203595772989302, 0.08050362687059022, 0.0, 0.0, 0.0, 1.0], "fov": 75.0, "aspect": 1.7777777777777777}, {"camera_to_world": [0.8102449627022054, -0.051995724366826035, 0.5837803911260389, 0.07277725013986729, 0.5856026226528437, 0.11249147072662513, -0.8027547803382252, 0.19562259546276423, -0.023930498486514296, 0.9922913451508736, 0.1215944800591583, 0.0813938933542083, 0.0, 0.0, 0.0, 1.0], "fov": 75.0, "aspect": 1.7777777777777777}, {"camera_to_world": [0.8094496009931886, -0.05285966578768142, 0.5848052660371503, 0.07364515702899513, 0.5867016468488598, 0.1133909497560734, -0.8018252116878412, 0.1962703714256278, -0.0239274118283494, 0.9921433103368839, 0.12279711200580538, 0.0822669790701602, 0.0, 0.0, 0.0, 1.0], "fov": 75.0, "aspect": 1.7777777777777777}, {"camera_to_world": [0.8088622378544524, -0.05364096061236945, 0.5855463495895687, 0.07427817728030199, 0.587510056009785, 0.1142973954488008, -0.8011042625532583, 0.19677888651826497, -0.023954420478620175, 0.9919973552072621, 0.12396545083744413, 0.08312181624668709, 0.0, 0.0, 0.0, 1.0], "fov": 75.0, "aspect": 1.7777777777777777}, {"camera_to_world": [0.8084907929843724, -0.054335930273209876, 0.5859950890074469, 0.07466865481591335, 0.5880187725828707, 0.11521090675771076, -0.800600006279166, 0.19714317063220554, -0.024011679442197398, 0.9918538469176854, 0.12509750439139145, 0.08395733711203004, 0.0, 0.0, 0.0, 1.0], "fov": 75.0, "aspect": 1.7777777777777777}, {"camera_to_world": [0.8083061228993605, -0.05502762811134976, 0.5861852709065991, 0.07484659504723405, 0.5882686329829787, 0.11625229632778067, -0.8002658427340605, 0.19739816109816904, -0.024108652632228778, 0.9916941886201398, 0.12633847048821534, 0.08488152154515106, 0.0, 0.0, 0.0, 1.0], "fov": 75.0, "aspect": 1.7777777777777777}, {"camera_to_world": [0.8082711772150104, -0.055799127660597525, 0.5861605253134825, 0.07485043379515605, 0.5883106981660524, 0.11753661203362906, -0.80004729063664, 0.19758348531202327, -0.024253381348449954, 0.9914996733151114, 0.12782867952534813, 0.08599826974211827, 0.0, 0.0, 0.0, 1.0], "fov": 75.0, "aspect": 1.7777777777777777}, {"camera_to_world": [0.8083816817375062, -0.056646628036400415, 0.5859268010283767, 0.07468516059603562, 0.58815096621939, 0.11905527571009697, -0.7999401741760386, 0.1977012082630207, -0.02444376334444509, 0.9912703974484958, 0.12955887301092994, 0.0873003944068322, 0.0, 0.0, 0.0, 1.0], "fov": 75.0, "aspect": 1.7777777777777777}, {"camera_to_world": [0.8086332257713607, -0.05756617112937995, 0.5854899163265808, 0.07435576498622909, 0.5877953089005734, 0.12079973547883696, -0.7999400594686595, 0.19775339494041372, -0.024677540661158126, 0.9910063369372296, 0.13151980511379618, 0.08878070824319335, 0.0, 0.0, 0.0, 1.0], "fov": 75.0, "aspect": 1.7777777777777777}, {"camera_to_world": [0.809021274386043, -0.05855366091518677, 0.5848555773729206, 0.07386723650209275, 0.5872494864500344, 0.12276145997704119, -0.8000422892625592, 0.1977421103334547, -0.024952319630725528, 0.9907073698816089, 0.13370224009832993, 0.09043202395510229, 0.0, 0.0, 0.0, 1.0], "fov": 75.0, "aspect": 1.7777777777777777}, {"camera_to_world": [0.8095411801685557, -0.059604882104040136, 0.5840293962127809, 0.07322456467998288, 0.5865191621464273, 0.12493193266164519, -0.8002420162903716, 0.1976694194313961, -0.025265590164389617, 0.9903732984237761, 0.13609694971914493, 0.09224715424645956, 0.0, 0.0, 0.0, 1.0], "fov": 75.0, "aspect": 1.7777777777777777}, {"camera_to_world": [0.8101881945121534, -0.06071551815616688, 0.5830169082695331, 0.07243273905625583, 0.585609916536121, 0.1273026462660346, -0.8005342353130327, 0.19753738722349026, -0.025614744341771967, 0.9900038697443021, 0.13869471065477812, 0.09421891182116564, 0.0, 0.0, 0.0, 1.0], "fov": 75.0, "aspect": 1.7777777777777777}, {"camera_to_world": [0.8109574784866411, -0.061881168685892274, 0.5818235892851519, 0.07149674916726786, 0.5845272612750165, 0.12986509747737024, -0.8009138138923076, 0.19734807869898963, -0.025997094316818514, 0.9895987961892746, 0.14148630205013193, 0.0963401093831211, 0.0, 0.0, 0.0, 1.0], "fov": 75.0, "aspect": 1.7777777777777777}, {"camera_to_world": [0.8118441133309906, -0.06309736627366325, 0.580454871647353, 0.07042158454937528, 0.583276652527408, 0.13261078189412717, -0.8013755219258006, 0.19710355884714661, -0.026409889553710375, 0.9891577745207057, 0.14446250322836512, 0.09860355963622644, 0.0, 0.0, 0.0, 1.0], "fov": 75.0, "aspect": 1.7777777777777777}, {"camera_to_world": [0.8128431106043467, -0.06435959270186836, 0.5789161600528174, 0.06921223473893438, 0.581863503872811, 0.13553118931528474, -0.8019140599737852, 0.1968058926572136, -0.026850333403981574, 0.9886805042833776, 0.1476140916242788, 0.10100207528438224, 0.0, 0.0, 0.0, 1.0], "fov": 75.0, "aspect": 1.7777777777777777}, {"camera_to_world": [0.8139494220269443, -0.06566329462694076, 0.577212846461978, 0.0678736892723015, 0.580293198677544, 0.13861779940475877, -0.8025240864028735, 0.196457145118443, -0.027315599034028026, 0.9881667052815117, 0.15093184098292373, 0.10352846903148898, 0.0, 0.0, 0.0, 1.0], "fov": 75.0, "aspect": 1.7777777777777777}, {"camera_to_world": [0.8151579490379797, -0.06700389869698564, 0.5753503243065035, 0.06641093768583292, 0.5785711018934631, 0.1418620777672175, -0.8032002433673386, 0.19605938122008723, -0.027802844710183683, 0.9876161341589009, 0.15440651985926432, 0.10617555358144719, 0.0, 0.0, 0.0, 1.0], "fov": 75.0, "aspect": 1.7777777777777777}, {"camera_to_world": [0.8164635520931499, -0.06837682612100793, 0.5733340019160331, 0.06482896951588493, 0.5767025712515904, 0.1452554724642281, -0.8039371816448088, 0.1956146659513987, -0.02830922844657985, 0.9870286000764169, 0.1580288904471206, 0.10893614163815743, 0.0, 0.0, 0.0, 1.0], "fov": 75.0, "aspect": 1.7777777777777777}, {"camera_to_world": [0.8178610597203784, -0.06977750669284027, 0.5711693151358801, 0.06313277429881381, 0.5746929678234654, 0.148789410992886, -0.8047295843391414, 0.19512506430162974, -0.028831922019126655, 0.9864039794810849, 0.16178970775844273, 0.11180304590552023, 0.0, 0.0, 0.0, 1.0], "fov": 75.0, "aspect": 1.7777777777777777}, {"camera_to_world": [0.8193452773482026, -0.07120139227002825, 0.5688617391124197, 0.06132734157097593, 0.5725476659279338, 0.1524552977425504, -0.8055721894595826, 0.19459264126003287, -0.029368124347191826, 0.9857422299612817, 0.16567971916709662, 0.1147690790874361, 0.0, 0.0, 0.0, 1.0], "fov": 75.0, "aspect": 1.7777777777777777}, {"camera_to_world": [0.82091099591744, -0.0726439697052913, 0.5664167992276479, 0.05941766086872753, 0.5702720623657438, 0.15624451193914207, -0.8064598113818324, 0.1940194618158604, -0.029915074242898132, 0.9850434031830051, 0.16968966432486648, 0.11782705388780557, 0.0, 0.0, 0.0, 1.0], "fov": 75.0, "aspect": 1.7777777777777777}, {"camera_to_world": [0.8225530002830604, -0.07410077322571973, 0.5638400811690192, 0.05740872172842491, 0.5678715849687942, 0.160148406080553, -0.8073873611934287, 0.1934075909583648, -0.030470062526441577, 0.9843076569026622, 0.17381027545121142, 0.12096978301052921, 0.0, 0.0, 0.0, 1.0], "fov": 75.0, "aspect": 1.7777777777777777}, {"camera_to_world": [0.8242660774097162, -0.07556739625263686, 0.5611372401250845, 0.055305513686424425, 0.5653517004551378, 0.16415830486120264, -0.8083498659229061, 0.19275909367679842, -0.03103044350446532, 0.9835352660523634, 0.17803227799256732, 0.12419007915950749, 0.0, 0.0, 0.0, 1.0], "fov": 75.0, "aspect": 1.7777777777777777}, {"camera_to_world": [0.8260450243610915, -0.07703950265303547, 0.5583140091017389, 0.05311302627908234, 0.56271792158495, 0.1682655045785182, -0.8093424866495336, 0.19207603496041373, -0.03159364580730839, 0.9827266328943718, 0.18234639164154778, 0.12748075503864092, 0.0, 0.0, 0.0, 1.0], "fov": 75.0, "aspect": 1.7777777777777777}, {"camera_to_world": [0.8278846560801671, -0.07851283741169082, 0.5553762063579865, 0.05083624904275495, 0.5599758136165772, 0.1724612730091752, -0.8103605354880674, 0.19136047979846307, -0.03215718257987943, 0.9818822962420803, 0.18674333170130641, 0.13083462335183013, 0.0, 0.0, 0.0, 1.0], "fov": 75.0, "aspect": 1.7777777777777777}, {"camera_to_world": [0.829779812954657, -0.079983236711507, 0.5523297419640603, 0.048480171513798555, 0.5571310000655059, 0.1767368497383875, -0.8113994914409054, 0.19061449318019885, -0.03271866102003007, 0.981002939745698, 0.1912138107756725, 0.13424449680297562, 0.0, 0.0, 0.0, 1.0], "fov": 75.0, "aspect": 1.7777777777777777}, {"camera_to_world": [0.8317253681592353, -0.08144663740831237, 0.5491806234885417, 0.04604978322856947, 0.5541891677726731, 0.1810834469212074, -0.812455015108262, 0.18984014009487354, -0.033275791257555365, 0.9800893992417289, 0.19574854076127984, 0.1377031880959779, 0.0, 0.0, 0.0, 1.0], "fov": 75.0, "aspect": 1.7777777777777777}, {"camera_to_world": [0.833716234763797, -0.08289908588522368, 0.5459349608247044, 0.043550073723424024, 0.5511560712918943, 0.18549225045089027, -0.813522962245534, 0.1890394855317395, -0.033826394566398965, 0.9791426691662755, 0.20033823511396867, 0.14120350993473743, 0.0, 0.0, 0.0, 1.0], "fov": 75.0, "aspect": 1.7777777777777777}, {"camera_to_world": [0.8357473725948182, -0.08433674627083676, 0.5425989701697808, 0.040986032534718476, 0.5480375366094127, 0.1899544215057356, -0.8145993961558702, 0.18821459448004912, -0.03436841090223419, 0.9781639080332447, 0.2049736113581096, 0.14473827502315484, 0.0, 0.0, 0.0, 1.0], "fov": 75.0, "aspect": 1.7777777777777777}, {"camera_to_world": [0.8378137948349741, -0.08575590800487012, 0.5391789771740735, 0.03836264919880909, 0.5448394642115676, 0.19446109844256693, -0.8156805989050875, 0.1873675319290548, -0.034899905757347915, 0.9771544429795991, 0.2096453938042944, 0.14830029606513068, 0.0, 0.0, 0.0, 1.0], "fov": 75.0, "aspect": 1.7777777777777777}, {"camera_to_world": [0.8399105743444641, -0.08715299273446409, 0.5356814192799475, 0.03568491325205226, 0.5415678315194319, 0.19900339900204472, -0.8167630813454861, 0.18650036286800897, -0.03541907632466734, 0.9761157733809344, 0.21434431643794044, 0.15188238576456534, 0.0, 0.0, 0.0, 1.0], "fov": 75.0, "aspect": 1.7777777777777777}, {"camera_to_world": [0.842032849686055, -0.08852456052415186, 0.5321128472735718, 0.03295781423080424, 0.5382286947118771, 0.20357242278844684, -0.817843591934785, 0.18561515228616404, -0.03592425696281923, 0.9750495735418009, 0.21906112593890711, 0.1554773568253595, 0.0, 0.0, 0.0, 1.0], "fov": 75.0, "aspect": 1.7777777777777777}, {"camera_to_world": [0.8441758308346101, -0.08986731536252757, 0.528479926074991, 0.03018634167142133, 0.5348281899609877, 0.20815925398427826, -0.8189191243363184, 0.18471396517277244, -0.03641392395429979, 0.9739576944663669, 0.22378658479008456, 0.15907802195141357, 0.0, 0.0, 0.0, 1.0], "fov": 75.0, "aspect": 1.7777777777777777}, {"camera_to_world": [0.8463348045508976, -0.09117810994884243, 0.524789434794519, 0.027375485110259806, 0.5313725341059364, 0.21275496425821316, -0.8199869237867892, 0.1837988665170865, -0.036886699549150775, 0.9728421647161698, 0.22851147443121417, 0.1626771938466282, 0.0, 0.0, 0.0, 1.0], "fov": 75.0, "aspect": 1.7777777777777777}, {"camera_to_world": [0.8485051393986868, -0.09245394974315857, 0.5210482660856907, 0.024530234083676015, 0.5278680247934595, 0.21735061582332083, -0.8210444922182202, 0.18287192130835866, -0.037341355286958006, 0.9717051903628554, 0.2332265984128321, 0.16626768521490382, 0.0, 0.0, 0.0, 1.0], "fov": 75.0, "aspect": 1.7777777777777777}, {"camera_to_world": [0.8506822903835991, -0.09369199626425792, 0.5172634248269756, 0.021655578128026265, 0.5243210401148397, 0.22193726460136648, -0.8220895921212941, 0.18193519453584134, -0.037776814590519986, 0.9705491540449054, 0.2379227855042727, 0.169842308760141, 0.0, 0.0, 0.0, 1.0], "fov": 75.0, "aspect": 1.7777777777777777}, {"camera_to_world": [0.8528618031918487, -0.09488956962023148, 0.5134420261661833, 0.01875650677966676, 0.5207380377708521, 0.22650596344815888, -0.8231202491379883, 0.18099075118878694, -0.038192154625144775, 0.9693766131384172, 0.24259089270906373, 0.17339387718624036, 0.0, 0.0, 0.0, 1.0], "fov": 75.0, "aspect": 1.7777777777777777}, {"camera_to_world": [0.855039318006873, -0.09604415025755564, 0.5095912929629444, 0.01583800957495395, 0.5171255537974246, 0.23104776539449792, -0.8241347533722356, 0.18004065625644788, -0.03858660741822462, 0.9681902970529672, 0.24722180814086506, 0.1769152031971022, 0.0, 0.0, 0.0, 1.0], "fov": 75.0, "aspect": 1.7777777777777777}, {"camera_to_world": [0.857210572881937, -0.09715337991545839, 0.505718552665832, 0.012905076050244036, 0.5134902008858175, 0.23555372685716836, -0.8251316594083282, 0.1790869747280765, -0.038959560234479995, 0.9669931036644994, 0.25180645371323346, 0.18039909949662722, 0.0, 0.0, 0.0, 1.0], "fov": 75.0, "aspect": 1.7777777777777777}, {"camera_to_world": [0.859371406647047, -0.09821506177350983, 0.501831233661578, 0.009962695741893346, 0.5098386663319127, 0.24001491077474044, -0.826109785027807, 0.1781317715929253, -0.03931055520305443, 0.9657880948979536, 0.2563357875970669, 0.18383837878871595, 0.0, 0.0, 0.0, 1.0], "fov": 75.0, "aspect": 1.7777777777777777}, {"camera_to_world": [0.8615177613289678, -0.09922715978158644, 0.49793686113442454, 0.007015858186258139, 0.5061777096497233, 0.24442238962357737, -0.8270682086167143, 0.1771771118402466, -0.039639288193458355, 0.9645784914730267, 0.26080080640047165, 0.1872258537772689, 0.0, 0.0, 0.0, 1.0], "fov": 75.0, "aspect": 1.7777777777777777}, {"camera_to_world": [0.8636456840637392, -0.10018779716266199, 0.494043052473941, 0.004069552919694764, 0.5025141598844907, 0.24876724827048333, -0.828006265256197, 0.17622506045929281, -0.03994560693819102, 0.963367666826962, 0.2651925470270885, 0.19055433716618655, 0.0, 0.0, 0.0, 1.0], "fov": 75.0, "aspect": 1.7777777777777777}, {"camera_to_world": [0.865751328481882, -0.10109525408025863, 0.49015751226958104, 0.0011287694785595327, 0.49885491266068027, 0.25304058661980655, -0.8289235414906546, 0.17527768243931638, -0.04022950840069431, 0.9621591402286589, 0.269502088170549, 0.1938166416593695, 0.0, 0.0, 0.0, 1.0], "fov": 75.0, "aspect": 1.7777777777777777}, {"camera_to_world": [0.8678309555474044, -0.10194796446379908, 0.4862880269298914, -0.0018015026007912494, 0.4952069269998769, 0.2572335220145604, -0.8298198687687124, 0.1743370427695697, -0.040491135388100175, 0.9609565690985584, 0.2737205514047309, 0.1970055799607182, 0.0, 0.0, 0.0, 1.0], "fov": 75.0, "aspect": 1.7777777777777777}, {"camera_to_world": [0.8698809338327862, -0.102744511986576, 0.4824424589635953, -0.004716273782001368, 0.4915772219429665, 0.26133719135323474, -0.8306953155534457, 0.17340520643930518, -0.04073077240902079, 0.9597637405488101, 0.2778391018318362, 0.2001139647741333, 0.0, 0.0, 0.0, 1.0], "fov": 75.0, "aspect": 1.7777777777777777}, {"camera_to_world": [0.8718977392133246, -0.10348362519252094, 0.4786287409586968, -0.0076105545287144085, 0.48797287301005265, 0.2653427528864299, -0.8315501780992929, 0.17248423843777524, -0.0409488407773452, 0.9585845621580105, 0.28184894825300805, 0.20313460880351517, 0.0, 0.0, 0.0, 1.0], "fov": 75.0, "aspect": 1.7777777777777777}, {"camera_to_world": [0.8738779539655368, -0.10416417176945225, 0.4748548692943888, -0.010479355304574157, 0.48440100853035695, 0.2692413876602634, -0.8323849698940683, 0.17157620375423224, -0.041145892963698166, 0.9574230519944461, 0.28574134282924496, 0.2060603247527645, 0.0, 0.0, 0.0, 1.0], "fov": 75.0, "aspect": 1.7777777777777777}, {"camera_to_world": [0.8758182652557308, -0.10478515196795302, 0.47112889761878896, -0.013317686573224241, 0.4808688058728139, 0.27302430057666527, -0.8332004097653078, 0.17068316737792863, -0.04132260619680675, 0.9562833279011382, 0.2895075802037451, 0.2088839253257817, 0.0, 0.0, 0.0, 1.0], "fov": 75.0, "aspect": 1.7777777777777777}, {"camera_to_world": [0.8777154630063908, -0.10534569116650255, 0.4674589301234162, -0.016120558798308482, 0.47738348760622523, 0.27668272104418956, -0.8339974086509504, 0.16980719429811675, -0.04147977531754607, 0.9551695960551901, 0.2931389960605222, 0.2115982232264674, 0.0, 0.0, 0.0, 1.0], "fov": 75.0, "aspect": 1.7777777777777777}, {"camera_to_world": [0.8795664371296097, -0.10584503158490835, 0.46385311464289425, -0.0188829824434704, 0.47395231761570855, 0.2802079031968075, -0.8347770550349041, 0.16895034950404905, -0.04161830488886767, 0.9540861388128634, 0.29662696509814973, 0.21419603115872204, 0.0, 0.0, 0.0, 1.0], "fov": 75.0, "aspect": 1.7777777777777777}, {"camera_to_world": [0.8813681741184959, -0.10628252314948902, 0.46031963560552913, -0.021599967972353827, 0.47058259719969653, 0.2835911256623424, -0.8355405990485163, 0.16811469798497797, -0.041739200565139356, 0.9530373018505329, 0.2999628984018511, 0.21667016182644622, 0.0, 0.0, 0.0, 1.0], "fov": 75.0, "aspect": 1.7777777777777777}, {"camera_to_world": [0.883117752989228, -0.10665761351481343, 0.45686670685724273, -0.024266525848602415, 0.46728166116896364, 0.2868236908667348, -0.8362894352392346, 0.16730230473015584, -0.04184355972465717, 0.9520274806101495, 0.30313824020182706, 0.21901342793354037, 0.0, 0.0, 0.0, 1.0], "fov": 75.0, "aspect": 1.7777777777777777}, {"camera_to_world": [0.8848123405682423, -0.10696983724809217, 0.4535025643778273, -0.02687766653585989, 0.46405687396607664, 0.28989692386515076, -0.8370250840078544, 0.1665152347288351, -0.04193256136919868, 0.9510611060560932, 0.30614446401066725, 0.22121864218390516, 0.0, 0.0, 0.0, 1.0], "fov": 75.0, "aspect": 1.7777777777777777}, {"camera_to_world": [0.8864491861209054, -0.10721880418357957, 0.450235458904591, -0.029428400497769923, 0.46091562582024204, 0.2928021706961434, -0.837749171715712, 0.16575555297026817, -0.04200745529449562, 0.9501426297483289, 0.3089730681380033, 0.22327861728144102, 0.0, 0.0, 0.0, 1.0], "fov": 75.0, "aspect": 1.7777777777777777}, {"camera_to_world": [0.8880256153199216, -0.10740418695553341, 0.44707364847427034, -0.031913738197976174, 0.4578653289488357, 0.29553079626055273, -0.8384634094629166, 0.16502532444370743, -0.04206955053538261, 0.9492765082345738, 0.31161557058614126, 0.22518616593004848, 0.0, 0.0, 0.0, 1.0], "fov": 75.0, "aspect": 1.7777777777777777}, {"camera_to_world": [0.8895390235537235, -0.10752570771942563, 0.4440253908894455, -0.03432869010012248, 0.4549134138127996, 0.2980741817326996, -0.8391695705383782, 0.1643266141384053, -0.042120203089167946, 0.9484671867617869, 0.31406350333636196, 0.22693410083362817, 0.0, 0.0, 0.0, 1.0], "fov": 75.0, "aspect": 1.7777777777777777}, {"camera_to_world": [0.8909868685770386, -0.10758312407219284, 0.44109893611087997, -0.036668266667852355, 0.45206732542884365, 0.3004237215174933, -0.8398694665417904, 0.1636614870436142, -0.04216080292042568, 0.9477190823046916, 0.3163084060417273, 0.22851523469608045, 0.0, 0.0, 0.0, 1.0], "fov": 75.0, "aspect": 1.7777777777777777}, {"camera_to_world": [0.8923666625079218, -0.10757621418337282, 0.4383025185718715, -0.03892747836480962, 0.4493345197366434, 0.3025708197736262, -0.8405649221770773, 0.1630