{"default_fov": 75.0, "default_transition_sec": 2.0, "keyframes": [{"matrix": [0.9503552161204804, 0.023237214512220328, 0.3102982356609656, -0.22132081215084476, 0.3111670985059235, -0.07097025400768296, -0.9477015668729739, -0.49704481934270506, 0.0, 0.997207729065413, -0.07467760770272427, -0.14647613566669723, 0.0, 0.0, 0.0, 1.0], "fov": 75.0, "aspect": 1.7777777777777777, "override_transition_enabled": false, "override_transition_sec": null}, {"matrix": [0.9999216861180226, 0.0014479060871345796, 0.01243081649987424, -0.051962051386911304, 0.012514856407114985, -0.11568592150726806, -0.9932070005462726, -0.4308951318289108, 7.892991815694472e-17, 0.9932847885339718, -0.11569498203043617, -0.13884119557424474, 0.0, 0.0, 0.0, 1.0], "fov": 75.0, "aspect": 1.7777777777777777, "override_transition_enabled": false, "override_transition_sec": null}, {"matrix": [0.9994274209367368, -0.00870431620048283, -0.03269656188691576, -0.14330486271739667, -0.033835340691988014, -0.25710786749448394, -0.9657902019552155, 0.08630410407776903, 3.8163916471489756e-17, 0.9663435100169716, -0.25725516641669044, -0.04389704830603904, 0.0, 0.0, 0.0, 1.0], "fov": 75.0, "aspect": 1.7777777777777777, "override_transition_enabled": false, "override_transition_sec": null}, {"matrix": [0.9877409283017735, 0.018858598671876114, 0.15495874229511492, -0.19149229625404948, 0.15610207736462292, -0.1193283912239037, -0.9805064387806767, 0.12738717152704188, 2.7755575615628914e-16, 0.9926757216251684, -0.12080940234912142, 0.055806709077137785, 0.0, 0.0, 0.0, 1.0], "fov": 75.0, "aspect": 1.7777777777777777, "override_transition_enabled": false, "override_transition_sec": null}], "camera_type": "perspective", "render_height": 1080.0, "render_width": 1920.0, "fps": 30.0, "seconds": 8.0, "is_cycle": true, "smoothness_value": 0.0, "camera_path": [{"camera_to_world": [0.9503552161204804, 0.023237214512220328, 0.3102982356609656, -0.22132081215084476, 0.3111670985059235, -0.07097025400768296, -0.9477015668729739, -0.49704481934270506, 0.0, 0.997207729065413, -0.07467760770272427, -0.14647613566669723, 0.0, 0.0, 0.0, 1.0], "fov": 75.0, "aspect": 1.7777777777777777}, {"camera_to_world": [0.950606187440929, 0.02316718257361894, 0.3095337752986286, -0.22062441715196762, 0.31039954288487476, -0.07099266938253398, -0.9479515624074907, -0.49927942548501303, 1.3262055261448191e-05, 0.9972077629789805, -0.07467715365876676, -0.1472610725242203, 0.0, 0.0, 0.0, 1.0], "fov": 75.0, "aspect": 1.7777777777777777}, {"camera_to_world": [0.950981658692437, 0.023076910527849492, 0.3083850531901162, -0.21970324958428367, 0.30924728589293604, -0.07106684303462873, -0.9483225295166957, -0.50133322532323, 3.159800408691904e-05, 0.997204572804187, -0.07471973621463787, -0.14799452624477805, 0.0, 0.0, 0.0, 1.0], "fov": 75.0, "aspect": 1.7777777777777777}, {"camera_to_world": [0.9514760927694879, 0.022966996123742617, 0.3068644032421499, -0.21856520753037495, 0.307722670411104, -0.07119135984123698, -0.9488090157660891, -0.5032097197662453, 5.480116640646515e-05, 0.9971982287253662, -0.07480434227920636, -0.14867756035849575, 0.0, 0.0, 0.0, 1.0], "fov": 75.0, "aspect": 1.7777777777777777}, {"camera_to_world": [0.9520835871316983, 0.022837984454443322, 0.3049840480754634, -0.21721818907282348, 0.3058379248693175, -0.0713647855469137, -0.9494051985824983, -0.504912409722948, 8.262001994027712e-05, 0.9971887954895511, -0.07492996279213465, -0.1493112383954986, 0.0, 0.0, 0.0, 1.0], "fov": 75.0, "aspect": 1.7777777777777777}, {"camera_to_world": [0.9527979219766488, 0.022690374046199696, 0.3027561176964446, -0.21567009229421127, 0.3036051822786391, -0.07158566916619406, -0.9501049338170929, -0.5064447961022276, 0.00011476294800935594, 0.9971763328998898, -0.07509559197312453, -0.1498966238859118, 0.0, 0.0, 0.0, 1.0], "fov": 75.0, "aspect": 1.7777777777777777}, {"camera_to_world": [0.9536126066263847, 0.022524622779772963, 0.3001926678849121, -0.21392881527712032, 0.3010364989690841, -0.07185254523381358, -0.9509018025179359, -0.507810379812973, 0.0001509028457371553, 0.9971608963011194, -0.07530022653537932, -0.15043478035986055, 0.0, 0.0, 0.0, 1.0], "fov": 75.0, "aspect": 1.7777777777777777}, {"camera_to_world": [0.954520924186179, 0.022341153636629002, 0.29730569813736746, -0.21200225610413273, 0.2981438728723017, -0.07216393592443061, -0.9517891559692198, -0.5090126617640733, 0.00019068158716728512, 0.9971425370558009, -0.07554286488115938, -0.15092677134747007, 0.0, 0.0, 0.0, 1.0], "fov": 75.0, "aspect": 1.7777777777777777}, {"camera_to_world": [0.9555159745274261, 0.022140360262978054, 0.29410716902232903, -0.2098983128578304, 0.2949392612055968, -0.07251835306172882, -0.9527601590477589, -0.5100551428644182, 0.0002337143556172261, 0.9971213030101401, -0.07582250629569026, -0.1513736603788656, 0.0, 0.0, 0.0, 1.0], "fov": 75.0, "aspect": 1.7777777777777777}, {"camera_to_world": [0.9565907156396293, 0.021922612345543352, 0.29060901882083573, -0.20762488362079545, 0.29143459743027567, -0.07291430003466588, -0.9538078319405369, -0.5109413240228966, 0.00027959383930675763, 0.9970972389483391, -0.07613815015406711, -0.15177651098417227, 0.0, 0.0, 0.0, 1.0], "fov": 75.0, "aspect": 1.7777777777777777}, {"camera_to_world": [0.9577380033894872, 0.021688260793664843, 0.2868231793409741, -0.20518986647560986, 0.28764180737307743, -0.07335027363661127, -0.9549250902602692, -0.5116747061483976, 0.00032789429400467696, 0.9970703870345262, -0.07648879515426903, -0.1521363866935154, 0.0, 0.0, 0.0, 1.0], "fov": 75.0, "aspect": 1.7777777777777777}, {"camera_to_world": [0.9589506297181716, 0.021437642723007272, 0.2827615908103551, -0.20260115950485566, 0.28357282441452814, -0.07382476584117366, -0.9561047835891541, -0.5122587901498106, 0.00037817547410973207, 0.9970407872414131, -0.07687343858794277, -0.15245435103702012, 0.0, 0.0, 0.0, 1.0], "fov": 75.0, "aspect": 1.7777777777777777}, {"camera_to_world": [0.9602213593011177, 0.021171086236741632, 0.2784362157648863, -0.19986666079111484, 0.2792396036624839, -0.07433626552657036, -0.9573397324743094, -0.5126970769360247, 0.0004299864332392156, 0.9970084777649184, -0.07729107565914421, -0.15273146754481168, 0.0, 0.0, 0.0, 1.0], "fov": 75.0, "aspect": 1.7777777777777777}, {"camera_to_world": [0.9615429646880901, 0.020888915000631864, 0.27385905186598225, -0.19699426841696946, 0.2746541350429279, -0.07488326015859753, -0.9586227638919498, -0.5129930674159293, 0.00048286919505746706, 0.9969734954240841, -0.07774069885989118, -0.15296879974701527, 0.0, 0.0, 0.0, 1.0], "fov": 75.0, "aspect": 1.7777777777777777}, {"camera_to_world": [0.9629082599350317, 0.02059145260898039, 0.2690421435915596, -0.19399188046500151, 0.26982845525329247, -0.07546423744046533, -0.9599467451911855, -0.5131502624984133, 0.0005363622947359703, 0.9969358760456869, -0.0782212974100251, -0.15316741117375612, 0.0, 0.0, 0.0, 1.0], "fov": 75.0, "aspect": 1.7777777777777777}, {"camera_to_world": [0.9643101327332834, 0.02027902673888858, 0.2639975927587994, -0.19086739501779304, 0.26477465853622006, -0.07607768693609256, -0.9613046165225061, -0.513172163092366, 0.0005900041911089671, 0.996895654833031, -0.0787318567676207, -0.15332836535515942, 0.0, 0.0, 0.0, 1.0], "fov": 75.0, "aspect": 1.7777777777777777}, {"camera_to_world": [0.9657415750362605, 0.01995197309076592, 0.2587375678487147, -0.18762871015792607, 0.25950490624373035, -0.07672210167182134, -0.9626894217505934, -0.5130622701066769, 0.0006433365492759802, 0.9968528667184763, -0.0792713582149335, -0.1534527258213504, 0.0, 0.0, 0.0, 1.0], "fov": 75.0, "aspect": 1.7777777777777777}, {"camera_to_world": [0.9671957121786062, 0.019610639113493644, 0.25327431211411716, -0.1842837239679826, 0.2540314351733248, -0.07739597971999851, -0.9640943378461276, -0.5128240844502349, 0.0006959073931177007, 0.9968075466993328, -0.07983877852371185, -0.15354155610245424, 0.0, 0.0, 0.0, 1.0], "fov": 75.0, "aspect": 1.7777777777777777}, {"camera_to_world": [0.9686658304782626, 0.019255387513108582, 0.24762015046352298, -0.18084033453054463, 0.2483665646685096, -0.07809782576639723, -0.9655127027467453, -0.5124611070319293, 0.0007472741269318323, 0.9967597301568126, -0.08043308970254553, -0.15359591972859615, 0.0, 0.0, 0.0, 1.0], "fov": 75.0, "aspect": 1.7777777777777777}, {"camera_to_world": [0.9701454033078197, 0.0188865995443359, 0.2417874951240444, -0.1773064399281942, 0.24252270248672836, -0.07882615266208874, -0.9669380416733154, -0.5119768387606491, 0.0007970064251637404, 0.9967094531578119, -0.08105325882784278, -0.15361688022990141, 0.0, 0.0, 0.0, 1.0], "fov": 75.0, "aspect": 1.7777777777777777}, {"camera_to_world": [0.9716281156179564, 0.018504678084753257, 0.23578885009618009, -0.17368993824351334, 0.23651234944757338, -0.07957948295908546, -0.968364091884222, -0.511374780545284, 0.0008446889890192655, 0.9966567527393495, -0.0816982479589835, -0.15360550113649515, 0.0, 0.0, 0.0, 1.0], "fov": 75.0, "aspect": 1.7777777777777777}, {"camera_to_world": [0.9731078868927729, 0.018110050491837795, 0.22963681442283004, -0.16999872755908407, 0.23034810288356267, -0.0803563504278603, -0.9697848258473931, -0.5106584332947227, 0.0008899241685840498, 0.9966016671755562, -0.08236701413719068, -0.15356284597850264, 0.0, 0.0, 0.0, 1.0], "fov": 75.0, "aspect": 1.7777777777777777}, {"camera_to_world": [0.9745788925143352, 0.017703171243606833, 0.22334408430368458, -0.1662407059574884, 0.2240426589246055, -0.0811553015537608, -0.9711944728074347, -0.5098312979178548, 0.0009323344489595847, 0.9965442362271921, -0.0830585094667464, -0.15348997828604904, 0.0, 0.0, 0.0, 1.0], "fov": 75.0, "aspect": 1.7777777777777777}, {"camera_to_world": [0.9760355835118223, 0.017284524364031995, 0.21692345409440122, -0.16242377152130835, 0.21760881365555546, -0.08197489700824934, -0.9725875387233318, -0.5088968753235691, 0.0009715647988448872, 0.9964845013737023, -0.08377168127622572, -0.1533879615892596, 0.0, 0.0, 0.0, 1.0], "fov": 75.0, "aspect": 1.7777777777777777}, {"camera_to_world": [0.9774727046692587, 0.01685462563487926, 0.21038781623770916, -0.15855582233312596, 0.2110594631939886, -0.08281371309000815, -0.9739588245508694, -0.5078586664207552, 0.0010072848799510536, 0.9964225060279167, -0.08450547235662752, -0.1532578594182595, 0.0, 0.0, 0.0, 1.0], "fov": 75.0, "aspect": 1.7777777777777777}, {"camera_to_world": [0.9788853109649285, 0.016414024596095242, 0.20375016018068315, -0.1546447564755232, 0.20440760274246267, -0.0836703431300512, -0.9753034428430872, -0.5067201721183021, 0.0010391911156378691, 0.996358295733547, -0.08525882127244608, -0.153100735303174, 0.0, 0.0, 0.0, 1.0], "fov": 75.0, "aspect": 1.7777777777777777}, {"camera_to_world": [0.9802687823151648, 0.015963306337336253, 0.19702357033899406, -0.15069847203108216, 0.19766632467609402, -0.08454339885423326, -0.9766168326417578, -0.505484893325099, 0.001067008617195192, 0.9962919183456999, -0.08603066274100438, -0.15291765277412825, 0.0, 0.0, 0.0, 1.0], "fov": 75.0, "aspect": 1.7777777777777777}, {"camera_to_world": [0.9816188365953049, 0.015503093083694755, 0.1902212231748031, -0.1467248670823848, 0.1908488157321666, -0.08543151169582605, -0.977894772633025, -0.5041563309500352, 0.0010904929662642199, 0.9962234241946956, -0.08681992807464364, -0.1527096753612475, 0.0, 0.0, 0.0, 1.0], "fov": 75.0, "aspect": 1.7777777777777777}, {"camera_to_world": [0.9829315409111025, 0.015034045579148156, 0.18335638346032507, -0.1427318397120132, 0.18396835337386547, -0.08633333405027288, -0.9791333925409104, -0.5027379859019998, 0.0011094318520041696, 0.9961528662335354, -0.0876255456797712, -0.15247786659465695, 0.0, 0.0, 0.0, 1.0], "fov": 75.0, "aspect": 1.7777777777777777}, {"camera_to_world": [0.9842033210948341, 0.014556864271695738, 0.17644239980365922, -0.13872728800254933, 0.17703830140481802, -0.08724754046365402, -0.9803291827334019, -0.5012333590898821, 0.0011236465617414648, 0.9960803001694282, -0.0884464416061257, -0.1522232900044818, 0.0, 0.0, 0.0, 1.0], "fov": 75.0, "aspect": 1.7777777777777777}, {"camera_to_world": [0.9854309694016355, 0.014072290304588134, 0.16949269951751988, -0.13471911003657522, 0.17007210491518188, -0.0881728287460031, -0.9814790020171842, -0.49964595142257123, 0.0011329933240127321, 0.9960057845798447, -0.08928154013913704, -0.15194700912084724, 0.0, 0.0, 0.0, 1.0], "fov": 75.0, "aspect": 1.7777777777777777}, {"camera_to_world": [0.9866116503832367, 0.013581106318469385, 0.16252078291477806, -0.13071520389667288, 0.16308328464331678, -0.08910792100022016, -0.98258008359877, -0.4979792638089566, 0.0011373645030984952, 0.9959293810136266, -0.09012976442775238, -0.15165008747387856, 0.0, 0.0, 0.0, 1.0], "fov": 75.0, "aspect": 1.7777777777777777}, {"camera_to_world": [0.9877429049181928, 0.013084137069641108, 0.15554021711735166, -0.12672346766542433, 0.1560854308397246, -0.09005156455706803, -0.9836300391917691, -0.49623679715792707, 0.00113668964436206, 0.9958511540777398, -0.09099003713970748, -0.15133358859370089, 0.0, 0.0, 0.0, 1.0], "fov": 75.0, "aspect": 1.7777777777777777}, {"camera_to_world": [0.9888226523798767, 0.012582249870020837, 0.14856462946688911, -0.12275179942541163, 0.14909219672187024, -0.09100253280649674, -0.9846268612522461, -0.4944220523783721, 0.001130936369935498, 0.9957711715103078, -0.09186128113583172, -0.15099857601043948, 0.0, 0.0, 0.0, 1.0], "fov": 75.0, "aspect": 1.7777777777777777}, {"camera_to_world": [0.9898491909258644, 0.01207635485469663, 0.14160770062689043, -0.11880809725921679, 0.1421172916097132, -0.09195962591544032, -0.9855689233265285, -0.4925385303791809, 0.0011201111245420226, 0.9956895042406123, -0.09274242015471106, -0.15064611325421956, 0.0, 0.0, 0.0, 1.0], "fov": 75.0, "aspect": 1.7777777777777777}, {"camera_to_world": [0.9908211958948596, 0.011567405083267937, 0.13468315746640258, -0.11490025924942178, 0.13517447383229303, -0.09292167142213414, -0.9864549784984005, -0.4905897320692425, 0.00110425977149127, 0.995606226436816, -0.09363237949876389, -0.15027726385516627, 0.0, 0.0, 0.0, 1.0], "fov": 75.0, "aspect": 1.7777777777777777}, {"camera_to_world": [0.9917377162999236, 0.011056396481404489, 0.12780476581512207, -0.11103618347860869, 0.12827754349542386, -0.09388752469701753, -0.9872841559252568, -0.48857915835744625, 0.0010834680391453994, 0.9955214155421837, -0.09453008671261885, -0.1498930913434049, 0.0, 0.0, 0.0, 1.0], "fov": 75.0, "aspect": 1.7777777777777777}, {"camera_to_world": [0.9925981694094406, 0.010544367629253787, 0.12098632317880703, -0.10722376802935947, 0.12144033519963932, -0.09485606926031809, -0.9880559554555002, -0.4865103101526814, 0.0010578618184037061, 0.9954351523006315, -0.09543447224453164, -0.1494946592490606, 0.0, 0.0, 0.0, 1.0], "fov": 75.0, "aspect": 1.7777777777777777}, {"camera_to_world": [0.9934023334099237, 0.01003239940346258, 0.11424165150210458, -0.10347091098425618, 0.11467671079574623, -0.09582621694657835, -0.9887702403221769, -0.4843866883638371, 0.0010276073120063442, 0.9953475207724768, -0.09634447008155479, -0.1490830311022586, 0.0, 0.0, 0.0, 1.0], "fov": 75.0, "aspect": 1.7777777777777777}, {"camera_to_world": [0.9941503381473952, 0.009521614479657346, 0.10758459006344984, -0.09978551042588084, 0.10800055226290736, -0.0967969079065162, -0.9894272279104936, -0.4822117938998024, 0.0009929110366922872, 0.9952586083412882, -0.09725901834912283, -0.14865927043312413, 0.0, 0.0, 0.0, 1.0], "fov": 75.0, "aspect": 1.7777777777777777}, {"camera_to_world": [0.9948426539466108, 0.009013176702243317, 0.10102898858346641, -0.09617546443681549, 0.10142575479095649, -0.0977671104368474, -0.9900274785994145, -0.4799891276694668, 0.0009540196794698003, 0.995168505712758, -0.09817705986577394, -0.14822444077178237, 0.0, 0.0, 0.0, 1.0], "fov": 75.0, "aspect": 1.7777777777777777}, {"camera_to_world": [0.9954800785098075, 0.008508290328321358, 0.09458870062431635, -0.0926486710996421, 0.09496622014467249, -0.09873582062899806, -0.9905718826799759, -0.4777221905817193, 0.0009112198094593724, 0.9950773069065575, -0.09909754264385942, -0.1477796056483586, 0.0, 0.0, 0.0, 1.0], "fov": 75.0, "aspect": 1.7777777777777777}, {"camera_to_world": [0.9960637218988884, 0.00800819915239058, 0.0882775773527439, -0.08921302849694271, 0.08863585038303858, -0.09970206182790595, -0.9910616453551919, -0.4754144835454491, 0.0008648374469407555, 0.9949851092421436, -0.10001942032720595, -0.14732582859297794, 0.0, 0.0, 0.0, 1.0], "fov": 75.0, "aspect": 1.7777777777777777}, {"camera_to_world": [0.9965949896069751, 0.007514185518295274, 0.08210946173413702, -0.08587643471129933, 0.08244854200109128, -0.10066488389250618, -0.9914982698284461, -0.4730695074695454, 0.000815237491383361, 0.9948920133194882, -0.10094165255694872, -0.14686417313576564, 0.0, 0.0, 0.0, 1.0], "fov": 75.0, "aspect": 1.7777777777777777}, {"camera_to_world": [0.9970755637270446, 0.007027569224573163, 0.07609818321872042, -0.08264678782529403, 0.07641818055574862, -0.10162336224986103, -0.9918835384890624, -0.4706907632628976, 0.000762823010345838, 0.9947981229957302, -0.1018632052569893, -0.1463957028068469, 0.0, 0.0, 0.0, 1.0], "fov": 75.0, "aspect": 1.7777777777777777}, {"camera_to_world": [0.9975073822268622, 0.00654970632898625, 0.07025755297415913, -0.07953198592150876, 0.07055863583016336, -0.10257659673532785, -0.9922194922052199, -0.4682817518343948, 0.0007080343912012066, 0.9947035453587174, -0.10278305083085883, -0.14592148113634695, 0.0, 0.0, 0.0, 1.0], "fov": 75.0, "aspect": 1.7777777777777777}, {"camera_to_world": [0.9978926163406396, 0.0060819878575342, 0.06460135971118547, -0.07653992708252559, 0.06488375758346715, -0.10352371021164303, -0.9925084077356047, -0.46584597409292616, 0.0006513483576703269, 0.9946083906984277, -0.10370016826216048, -0.145442571654391, 0.0, 0.0, 0.0, 1.0], "fov": 75.0, "aspect": 1.7777777777777777}, {"camera_to_world": [0.9982336460887292, 0.0056258384226879204, 0.05914336614062106, -0.07367850939092653, 0.05940737192451205, -0.10446384696021514, -0.9927527732720246, -0.4633869309473809, 0.0005932768531220524, 0.9945127724772141, -0.10461354311111441, -0.14496003789110423, 0.0, 0.0, 0.0, 1.0], "fov": 75.0, "aspect": 1.7777777777777777}, {"camera_to_world": [0.9985330339372311, 0.005182714754908779, 0.05389730609109833, -0.07095563092929358, 0.05414327833912598, -0.10539617083850515, -0.9929552621257781, -0.46090812330664815, 0.0005343657925290131, 0.9944168072998113, -0.10552216740026661, -0.14447494337661188, 0.0, 0.0, 0.0, 1.0], "fov": 75.0, "aspect": 1.7777777777777777}, {"camera_to_world": [0.998793496609611, 0.004754104150761381, 0.04887688230718664, -0.06837918978020881, 0.04910524739077027, -0.1063198631978475, -0.9931187045707489, -0.4584130520796174, 0.0004751936848388025, 0.9943206148840097, -0.10642503938287823, -0.14398835164103918, 0.0, 0.0, 0.0, 1.0], "fov": 75.0, "aspect": 1.7777777777777777}, {"camera_to_world": [0.9990178750623221, 0.004341522840049662, 0.04409576493714644, -0.06595708402625418, 0.044307019103972764, -0.10723412055664709, -0.9932460578560394, -0.4559052181751776, 0.00041637012733625536, 0.994224318032843, -0.10732116318809284, -0.14350132621451134, 0.0, 0.0, 0.0, 1.0], "fov": 75.0, "aspect": 1.7777777777777777}, {"camera_to_world": [0.9992091026359821, 0.00394651427344464, 0.03956759070862031, -0.06369721175001172, 0.039762302028956434, -0.10813815202445473, -0.9933403744004843, -0.45338812250221794, 0.00035853417332982335, 0.9941280426091126, -0.10820954833757111, -0.14301493062715348, 0.0, 0.0, 0.0, 1.0], "fov": 75.0, "aspect": 1.7777777777777777}, {"camera_to_world": [0.9993701713929133, 0.0035706473309868245, 0.03530596277878405, -0.06160747103406348, 0.035484772974052524, -0.10903117647300375, -0.9934047681805703, -0.4508652659696278, 0.000302352574189365, 0.9940319175129894, -0.10908920912890721, -0.14253022840909088, 0.0, 0.0, 0.0, 1.0], "fov": 75.0, "aspect": 1.7777777777777777}, {"camera_to_world": [0.9995040966508133, 0.0032155144506677193, 0.03132445123316956, -0.05969575996099143, 0.031488077380126635, -0.10991241945095036, -0.9934423793221937, -0.4483401494862962, 0.00024851789639473293, 0.993936074663384, -0.10995916388186695, -0.14204828309044876, 0.0, 0.0, 0.0, 1.0], "fov": 75.0, "aspect": 1.7777777777777777}, {"camera_to_world": [0.9996138797210442, 0.002882729675000799, 0.02763659419433983, -0.05796997661337768, 0.02778583029815771, -0.11078110983966617, -0.9934563369053188, -0.4458162739611125, 0.00019774651382288566, 0.9938406489836854, -0.11081843404417688, -0.14157015820135233, 0.0, 0.0, 0.0, 1.0], "fov": 75.0, "aspect": 1.7777777777777777}, {"camera_to_world": [0.999702468858522, 0.002573926612098827, 0.024255899487990867, -0.05643801907380421, 0.024391617917443913, -0.11163647624811696, -0.9934497199890256, -0.44329714030296596, 0.00015077647500591485, 0.9937457783923912, -0.11166604315437811, -0.1410969172719268, 0.0, 0.0, 0.0, 1.0], "fov": 75.0, "aspect": 1.7777777777777777}, {"camera_to_world": [0.9997727184285394, 0.0022907563062603154, 0.02119584679963679, -0.05510778542485295, 0.021318999577422074, -0.11247774314557953, -0.9934255168626862, -0.4407862494207455, 0.00010836524452948089, 0.9936516037990493, -0.1125010156600882, -0.14062962383229732, 0.0, 0.0, 0.0, 1.0], "fov": 75.0, "aspect": 1.7777777777777777}, {"camera_to_world": [0.9998273462941019, 0.002034885011463601, 0.018469890240176413, -0.053987173749106, 0.01858151018115753, -0.11330412673169553, -0.9933865825271427, -0.4382871022233406, 7.128731711992034e-05, 0.9935582691058226, -0.11332237559087975, -0.1401693414125892, 0.0, 0.0, 0.0, 1.0], "fov": 75.0, "aspect": 1.7777777777777777}, {"camera_to_world": [0.9998688894255802, 0.0018079918594534122, 0.016091461223057567, -0.053084082129145435, 0.01619266291289997, -0.1141148305440989, -0.9933355944078922, -0.4358031996196404, 4.0331702281366094e-05, 0.9934659212148788, -0.11412914508584583, -0.13971713354292756, 0.0, 0.0, 0.0, 1.0], "fov": 75.0, "aspect": 1.7777777777777777}, {"camera_to_world": [0.9998996577327867, 0.0016117664122643257, 0.014073971539280066, -0.052406408647553124, 0.014165952145540771, -0.11490904080479904, -0.9932750063004362, -0.43333804251853403, 1.6299276596030803e-05, 0.9933747100416607, -0.11492034277698729, -0.13927406375343768, 0.0, 0.0, 0.0, 1.0], "fov": 75.0, "aspect": 1.7777777777777777}, {"camera_to_world": [0.9999216861180226, 0.0014479060871345796, 0.01243081649987424, -0.051962051386911304, 0.012514856407114985, -0.11568592150726806, -0.9932070005462726, -0.4308951318289108, 7.892991815694472e-17, 0.9932847885339718, -0.11569498203043617, -0.13884119557424474, 0.0, 0.0, 0.0, 1.0], "fov": 75.0, "aspect": 1.7777777777777777}, {"camera_to_world": [0.9999388778104651, 0.0012981862508791853, 0.010979770289297308, -0.051713475318904724, 0.011056244877198243, -0.11654606464700008, -0.9931237456956272, -0.4281567697889869, -9.610574138047175e-06, 0.9931844388268252, -0.11655329416143312, -0.1383629619983385, 0.0, 0.0, 0.0, 1.0], "fov": 75.0, "aspect": 1.7777777777777777}, {"camera_to_world": [0.9999539306188157, 0.0011431573602451008, 0.009530468573505861, -0.05161478174814884, 0.009598772268973446, -0.1175861565674359, -0.9930162935997712, -0.4248167948952215, -1.4522715026601615e-05, 0.9930620267510727, -0.11759171235313559, -0.13778522739763516, 0.0, 0.0, 0.0, 1.0], "fov": 75.0, "aspect": 1.7777777777777777}, {"camera_to_world": [0.9999668403571217, 0.0009827007796975058, 0.008084088407006015, -0.05166132325662137, 0.008143583449084016, -0.1187994763565397, -0.9928848707005358, -0.42089601244386776, -1.5323267014985022e-05, 0.9929177804413563, -0.11880353971413454, -0.13711120237064955, 0.0, 0.0, 0.0, 1.0], "fov": 75.0, "aspect": 1.7777777777777777}, {"camera_to_world": [0.9999776094339135, 0.0008167213449731614, 0.006641806763241325, -0.05184845242630002, 0.006691821327846872, -0.12017929503404487, -0.9927296492864693, -0.4164152277311791, -1.2575839801287451e-05, 0.9927518672918046, -0.12018206950491238, -0.13634409751589652, 0.0, 0.0, 0.0, 1.0], "fov": 75.0, "aspect": 1.7777777777777777}, {"camera_to_world": [0.9999862468238759, 0.0006451482430277862, 0.005204800365322853, -0.052171521839162495, 0.005244627402110584, -0.12171887655809656, -0.9925507588898657, -0.41139524605340877, -6.819925037425487e-06, 0.9925644054030851, -0.12172058609910344, -0.1354871234318908, 0.0, 0.0, 0.0, 1.0], "fov": 75.0, "aspect": 1.7777777777777777}, {"camera_to_world": [0.9999927680273923, 0.0004679358123629205, 0.0037742454861059167, -0.05262588407718651, 0.0038031422362619495, -0.12341147879603952, -0.9923482972275942, -0.4058568727068101, 1.4299101694531004e-06, 0.9923554745843096, -0.12341236591405726, -0.13454349071714725, 0.0, 0.0, 0.0, 1.0], "fov": 75.0, "aspect": 1.7777777777777777}, {"camera_to_world": [0.9999971950177393, 0.0002850642636159659, 0.002351317719694589, -0.053206891722349756, 0.0023685058834375904, -0.12525035447350702, -0.9921223406839206, -0.3998209129876364, 1.1684753407575346e-05, 0.9921251269082074, -0.12525067832487013, -0.1335164099701807, 0.0, 0.0, 0.0, 1.0], "fov": 75.0, "aspect": 1.7777777777777777}, {"camera_to_world": [0.9999995561757186, 9.654032029186681e-05, 0.0009371917266662606, -0.05390989735662995, 0.0009418582492044969, -0.1272287521138932, -0.991872954333659, -0.39330817219214104, 2.3482001175001248e-05, 0.9918733968181165, -0.12722878657398076, -0.13240909178950594, 0.0, 0.0, 0.0, 1.0], "fov": 75.0, "aspect": 1.7777777777777777}, {"camera_to_world": [0.9999998862115221, -9.760222048576221e-05, -0.00046695904453747925, -0.054730253562004796, -0.0004756605998767673, -0.12933991697837885, -0.9916002015041243, -0.38633945561657723, 3.638593744815122e-05, 0.9916003107854661, -0.12933994868651733, -0.13122474677363782, 0.0, 0.0, 0.0, 1.0], "fov": 75.0, "aspect": 1.7777777777777777}, {"camera_to_world": [0.9999982260736413, -0.00029730200731408027, -0.0018599626574298763, -0.05566331292045201, -0.001882910180218231, -0.13157709201478385, -0.9913041528744778, -0.3789355685571983, 4.998823678765334e-05, 0.9913058965165341, -0.13157741839968828, -0.12996658552109114, 0.0, 0.0, 0.0, 1.0], "fov": 75.0, "aspect": 1.7777777777777777}, {"camera_to_world": [0.999994622844637, -0.000502469734033457, -0.003240649005746751, -0.05670442801394928, -0.003278749384977426, -0.1339335188217342, -0.9909848951111712, -0.3711173163102577, 6.390839207186727e-05, 0.9909901917073624, -0.13393444611272662, -0.12863781863038068, 0.0, 0.0, 0.0, 1.0], "fov": 75.0, "aspect": 1.7777777777777777}, {"camera_to_world": [0.9999891296236123, -0.0007129878194998777, -0.004607850147275598, -0.057848951424474326, -0.004662036324790156, -0.13640243863296336, -0.9906425390383188, -0.3629055041720086, 7.779406686910266e-05, 0.9906532523458195, -0.13640427986222886, -0.12724165670002135, 0.0, 0.0, 0.0, 1.0], "fov": 75.0, "aspect": 1.7777777777777777}, {"camera_to_world": [0.9999818053952348, -0.0009287101676391128, -0.005960400650228402, -0.059092235734004864, -0.0060316282124865455, -0.13897709332492392, -0.9902772273419508, -0.3543209374387044, 9.132137239320883e-05, 0.990295160559911, -0.1389801663260878, -0.12578131032852785, 0.0, 0.0, 0.0, 1.0], "fov": 75.0, "aspect": 1.7777777777777777}, {"camera_to_world": [0.9999727148851837, -0.0011494620077788205, -0.007297137949068663, -0.0604296335245186, -0.007386381288741798, -0.141650726449396, -0.9898891418072107, -0.3453844214065982, 0.00010419506893314008, 0.9899160320115294, -0.14165535185772737, -0.12425999011441509, 0.0, 0.0, 0.0, 1.0], "fov": 75.0, "aspect": 1.7777777777777777}, {"camera_to_world": [0.9999619284019026, -0.0013750398152060088, -0.00861690270659132, -0.0618564973779932, -0.008725150785499415, -0.1444165842913079, -0.9894785100877136, -0.33611676137194363, 0.00011614869160488182, 0.9895160228349705, -0.1444230835508759, -0.12268090665619784, 0.0, 0.0, 0.0, 1.0], "fov": 75.0, "aspect": 1.7777777777777777}, {"camera_to_world": [0.9999495216645682, -0.0016052113118498823, -0.009918539179006345, -0.06336817987640642, -0.010046790923953976, -0.14726791695067004, -0.9890456120064136, -0.32653876263099385, 0.0001269446002423128, 0.989095336119656, -0.1472766103337988, -0.12104727055239092, 0.0, 0.0, 0.0, 1.0], "fov": 75.0, "aspect": 1.7777777777777777}, {"camera_to_world": [0.9999355756171975, -0.001839715546935885, -0.01120089558071854, -0.06496003360173597, -0.011350154943818174, -0.15019797944623778, -0.9885907853874719, -0.316671230480002, 0.0001363739532226696, 0.9886542279366298, -0.15020918409062406, -0.11936229240150915, 0.0, 0.0, 0.0, 1.0], "fov": 75.0, "aspect": 1.7777777777777777}, {"camera_to_world": [0.9999201762288357, -0.002078263057399221, -0.01246282444546087, -0.0666274111359595, -0.012634095160558134, -0.1532000328373618, -0.9881144314188034, -0.3065349702152218, 0.00014425660500985444, 0.9881930129085589, -0.1532140608062341, -0.11762918280206738, 0.0, 0.0, 0.0, 1.0], "fov": 75.0, "aspect": 1.7777777777777777}, {"camera_to_world": [0.9999034142797881, -0.0023205361077870117, -0.013703182980417747, -0.06836566506105476, -0.01389746304725357, -0.15626734535939654, -0.9876170195451157, -0.2961507871329062, 0.00015044092719548874, 0.9877120693230896, -0.15628450173010722, -0.1158511523525804, 0.0, 0.0, 0.0, 1.0], "fov": 75.0, "aspect": 1.7777777777777777}, {"camera_to_world": [0.9998853851338764, -0.002566189009316767, -0.014920833409969513, -0.07017014795899945, -0.01513910933772639, -0.15939319356702816, -0.98709909189147, -0.2855394865293088, 0.00015480355282180246, 0.9872118437896057, -0.1594137745534798, -0.11403141165156301, 0.0, 0.0, 0.0, 1.0], "fov": 75.0, "aspect": 1.7777777777777777}, {"camera_to_world": [0.9998661884967168, -0.002814848517698758, -0.016114643305708564, -0.07203621241177131, -0.01635788414759191, -0.16257086347901345, -0.9865612672175519, -0.2747218737006825, 0.00015724904378098745, 0.9866928554395791, -0.16259515459332682, -0.11217317129753002, 0.0, 0.0, 0.0, 1.0], "fov": 75.0, "aspect": 1.7777777777777777}, {"camera_to_world": [0.999845928160038, -0.003066114309266116, -0.01728348589939111, -0.07395921100134799, -0.017552637109890586, -0.16579365171695448, -0.9860042444030581, -0.26371875394328104, 0.00015770948110279716, 0.9861556996708987, -0.16582192597578843, -0.11027964188899628, 0.0, 0.0, 0.0, 1.0], "fov": 75.0, "aspect": 1.7777777777777777}, {"camera_to_world": [0.99982471173207, -0.003319559534898808, -0.01842624037554525, -0.07593449630970721, -0.01872221752200463, -0.16905486663004654, -0.9854288054647868, -0.2525509325533576, 0.00015614397796360167, 0.9856010514367324, -0.16908738281097943, -0.10835403402447663, 0.0, 0.0, 0.0, 1.0], "fov": 75.0, "aspect": 1.7777777777777777}, {"camera_to_world": [0.9998026503540532, -0.0035747314511672505, -0.01954179214050304, -0.0779574209188267, -0.019865474500599743, -0.17234782939706567, -0.9848358181062397, -0.24123921482716537, 0.0001525381152760706, 0.9850296680796841, -0.17238483035044413, -0.10639955830248582, 0.0, 0.0, 0.0, 1.0], "fov": 75.0, "aspect": 1.7777777777777777}, {"camera_to_world": [0.999779858402932, -0.00383115212806801, -0.020629033064706554, -0.08002333741068417, -0.02098125714140312, -0.17566587509633882, -0.9842262378007428, -0.2298044060609577, 0.00014690329974770613, 0.9844423917121862, -0.17570758611799162, -0.1044194253215387, 0.0, 0.0, 0.0, 1.0], "fov": 75.0, "aspect": 1.7777777777777777}, {"camera_to_world": [0.9997564531803054, -0.004088319232671387, -0.02168686169522173, -0.08212759836725729, -0.022068414680701073, -0.17900235373394296, -0.9836011094092916, -0.21826731155098802, 0.00013927604432774528, 0.98384015114426, -0.17904898100414687, -0.10241684568015008, 0.0, 0.0, 0.0, 1.0], "fov": 75.0, "aspect": 1.7777777777777777}, {"camera_to_world": [0.9997325545877269, -0.004345706887954218, -0.022714183435498185, -0.0842655563705238, -0.02312579665553215, -0.1823506312200352, -0.9829615683345417, -0.20664873659350955, 0.00012971717099494184, 0.9832239633599759, -0.1824023603141057, -0.1003950299768348, 0.0, 0.0, 0.0, 1.0], "fov": 75.0, "aspect": 1.7777777777777777}, {"camera_to_world": [0.9997082847884499, -0.0046027666060509745, -0.02370991068953724, -0.0864325640024614, -0.024152253059664296, -0.18570409028291282, -0.9823088412125475, -0.19496948648477566, 0.00011831093587211933, 0.9825949345441213, -0.18576108475877415, -0.09835718881010766, 0.0, 0.0, 0.0, 1.0], "fov": 75.0, "aspect": 1.7777777777777777}, {"camera_to_world": [0.9996837678557228, -0.004858928295119511, -0.024672962967756194, -0.08862397384504779, -0.02514663449255896, -0.18905613131020124, -0.9816442461440485, -0.18325036652103943, 0.00010516407668672949, 0.9819542606607715, -0.1891185313782712, -0.09630653277848344, 0.0, 0.0, 0.0, 1.0], "fov": 75.0, "aspect": 1.7777777777777777}, {"camera_to_world": [0.9996591294077521, -0.0051136013389911725, -0.025602266951989965, -0.09083513848026067, -0.02610779229866761, -0.19240017310645738, -0.9809691924672739, -0.1715121819985546, 9.040478262914431e-05, 0.9813032275856182, -0.19246809438715856, -0.09424627248047704, 0.0, 0.0, 0.0, 1.0], "fov": 75.0, "aspect": 1.7777777777777777}, {"camera_to_world": [0.9996344962294467, -0.005366175748755201, -0.02649675651723649, -0.09306141049007777, -0.027034578694561506, -0.19572965355645708, -0.9802851800743891, -0.15977573821357421, 7.418158669082395e-05, 0.9806432107940702, -0.1958031859306417, -0.0921796185146032, 0.0, 0.0, 0.0, 1.0], "fov": 75.0, "aspect": 1.7777777777777777}, {"camera_to_world": [0.9996099958810662, -0.005616023385413968, -0.02735537270791978, -0.0952981424564768, -0.02792584688155418, -0.19903803018348679, -0.9795937982738689, -0.1480618404623515, 5.666218059307421e-05, 0.9799756746072894, -0.19911723674103507, -0.09010978147937675, 0.0, 0.0, 0.0, 1.0], "fov": 75.0, "aspect": 1.7777777777777777}, {"camera_to_world": [0.9995857562938947, -0.005862499252744813, -0.028177063666645245, -0.09754068696143542, -0.028780451141668953, -0.20231878059210184, -0.9788967242011832, -0.13639129404114003, 3.803215244210442e-05, 0.9793021709984293, -0.20240369668392635, -0.08803997197331255, 0.0, 0.0, 0.0, 1.0], "fov": 75.0, "aspect": 1.7777777777777777}, {"camera_to_world": [0.9995619053530591, -0.006104942859510038, -0.028960784513618158, -0.09978439658693136, -0.029597246914993946, -0.2055654027850542, -0.9781957207802898, -0.12478490424619296, 1.8493647267824043e-05, 0.978624337961457, -0.20565603518371267, -0.08597340059492539, 0.0, 0.0, 0.0, 1.0], "fov": 75.0, "aspect": 1.7777777777777777}, {"camera_to_world": [0.9995385704676105, -0.0063426796501742586, -0.02970549717511716, -0.10202462391494235, -0.030375090856683225, -0.20877141534440938, -0.9774926342385094, -0.11326347637376358, -1.7360493787393905e-06, 0.9779438974450158, -0.2088677415184996, -0.08391327794273008, 0.0, 0.0, 0.0, 1.0], "fov": 75.0, "aspect": 1.7777777777777777}, {"camera_to_world": [0.9995158781279777, -0.00657502250331524, -0.03041017015964361, -0.1042567215274461, -0.03111284087208847, -0.21193035746724173, -0.9767893911773795, -0.10184781572010518, -2.2426004582047285e-05, 0.9772626528538213, -0.21203232497472238, -0.0818628146152414, 0.0, 0.0, 0.0, 1.0], "fov": 75.0, "aspect": 1.7777777777777777}, {"camera_to_world": [0.9994939534508988, -0.006801273296954355, -0.03107377828061272, -0.10647604200642032, -0.03180935612875003, -0.21503578884681962, -0.9760879952021231, -0.09055872758147113, -4.333320777681962e-05, 0.9765824861201258, -0.2151433148523722, -0.07982522121097427, 0.0, 0.0, 0.0, 1.0], "fov": 75.0, "aspect": 1.7777777777777777}, {"camera_to_world": [0.999472919711924, -0.007020724540079513, -0.03169530232470126, -0.10867793793384264, -0.032463497044225374, -0.21808128939072002, -0.975390523112328, -0.07941701725411492, -6.420421682382105e-05, 0.975905354347753, -0.21819426031223918, -0.07780370832844342, 0.0, 0.0, 0.0, 1.0], "fov": 75.0, "aspect": 1.7777777777777777}, {"camera_to_world": [0.9994528978655737, -0.007232661069698738, -0.03227372866524754, -0.11085776189169083, -0.03307412524901801, -0.22106045876797034, -0.9746991206563729, -0.06844349003428962, -8.477688025168226e-05, 0.9752332860311654, -0.22117873005724406, -0.07580148656616371, 0.0, 0.0, 0.0, 1.0], "fov": 75.0, "aspect": 1.7777777777777777}, {"camera_to_world": [0.9994340060532207, -0.007436361812830623, -0.03280804882036506, -0.11301086646194265, -0.03364010352414015, -0.22396691577804045, -0.9740159978520668, -0.05765895121824856, -0.00010478213547931645, 0.9745683768519584, -0.22409031184065784, -0.0738217665226499, 0.0, 0.0, 0.0, 1.0], "fov": 75.0, "aspect": 1.7777777777777777}, {"camera_to_world": [0.9994163590987531, -0.007631101612925359, -0.033297258955734335, -0.11513260422657567, -0.03416029571315429, -0.2267942975353049, -0.973343423875796, -0.04708420610224513, -0.0001239458828480311, 0.9739127850550279, -0.2269226117948084, -0.07186775879641688, 0.0, 0.0, 0.0, 1.0], "fov": 75.0, "aspect": 1.7777777777777777}, {"camera_to_world": [0.9994000679920553, -0.007816153120302729, -0.033740359332335296, -0.11721832776756771, -0.034633566608846575, -0.22953625846347842, -0.9726837215223342, -0.03674005998253262, -0.00014199093531308896, 0.9732687264065291, -0.22966925357475929, -0.06994267398597943, 0.0, 0.0, 0.0, 1.0], "fov": 75.0, "aspect": 1.7777777777777777}, {"camera_to_world": [0.9993852393603282, -0.007990788746303053, -0.03413635369970516, -0.11926338966689642, -0.035058781815020916, -0.23218646909549745, -0.9720392612372261, -0.026647318155364454, -0.0001586390436704027, 0.9726384687355202, -0.23232387731241974, -0.06804972268985238, 0.0, 0.0, 0.0, 1.0], "fov": 75.0, "aspect": 1.7777777777777777}, {"camera_to_world": [0.9993719749272517, -0.008154282680961565, -0.03448424863562491, -0.12126314250653962, -0.03543480758423591, -0.23473861467535317, -0.9714124547234114, -0.016826785916993447, -0.00017361299722555915, 0.9720243260609555, -0.23488013837758218, -0.06619211550655048, 0.0, 0.0, 0.0, 1.0], "fov": 75.0, "aspect": 1.7777777777777777}, {"camera_to_world": [0.9993603709599699, -0.008305912974147345, -0.03478305283348894, -0.12321293886847484, -0.03576051063267669, -0.237186393559492, -0.9708057481234503, -0.007299268563673689, -0.00018663879984912382, 0.9714286523054113, -0.2373317059434974, -0.06437306303458866, 0.0, 0.0, 0.0, 1.0], "fov": 75.0, "aspect": 1.7777777777777777}, {"camera_to_world": [0.9993505177038619, -0.00844496368024553, -0.035031776338955004, -0.12510813133467985, -0.03603475793371683, -0.2395235154166204, -0.9702216147783571, 0.0019144286083419893, -0.00019744792140288445, 0.9708538345965905, -0.2396722613558252, -0.06259577587248165, 0.0, 0.0, 0.0, 1.0], "fov": 75.0, "aspect": 1.7777777777777777}, {"camera_to_world": [0.9993424988050374, -0.00857072706660717, -0.035229429737838436, -0.1269440724871324, -0.03625641649211462, -0.2417436992259566, -0.9696625475636874, 0.01079350030280013, -0.00020577962456663074, 0.9703022861573086, -0.241895496305008, -0.0608634646187443, 0.0, 0.0, 0.0, 1.0], "fov": 75.0, "aspect": 1.7777777777777777}, {"camera_to_world": [0.999336390720478, -0.008682505886155089, -0.03537502329759186, -0.12871611490781024, -0.03642435310119289, -0.24384067107549878, -0.9691310508030428, 0.01931714122344772, -0.00021138336714312048, 0.9697764387842114, -0.2439951108036487, -0.059179339871891425, 0.0, 0.0, 0.0, 1.0], "fov": 75.0, "aspect": 1.7777777777777777}, {"camera_to_world": [0.9993322621157191, -0.008779615714684785, -0.03546756606509795, -0.13041961117869097, -0.03653743408576124, -0.24580816176296794, -0.9686296317587747, 0.027464546074030947, -0.0002140212799696707, 0.9692787349150983, -0.24596481097156697, -0.05754661223043785, 0.0, 0.0, 0.0, 1.0], "fov": 75.0, "aspect": 1.7777777777777777}, {"camera_to_world": [0.9993301732499572, -0.008861387353587437, -0.0355060649238991, -0.1320499138817523, -0.03659452503397055, -0.24763990420403548, -0.9681607916990623, 0.03521490955829689, -0.0002134707206153559, 0.968811619284155, -0.24779830663316815, -0.055968492292898374, 0.0, 0.0, 0.0, 1.0], "