{"default_fov": 60.0, "default_transition_sec": 2.0, "keyframes": [{"matrix": [0.5082622261968424, -0.15764211136962775, 0.8466513297363656, 0.30436552568914277, 0.6609630921941849, -0.5588262402526791, -0.5008403178281042, 0.00946045832082932, 0.5520845045629621, 0.8141634958213129, -0.17983465153714898, -0.10515460214989654, 0.0, 0.0, 0.0, 1.0], "fov": 60.0, "aspect": 1.7777777777777777, "override_transition_enabled": false, "override_transition_sec": 3.0}, {"matrix": [0.008187931924794944, 0.020115351309387297, 0.9997641373906623, 0.3413830081201107, 0.9224406049176201, -0.3861389444139959, 0.0002144902336173593, -0.17318408071685715, 0.38605218322140095, 0.9222212794381537, -0.02171689622033579, 0.015909999913933073, 0.0, 0.0, 0.0, 1.0], "fov": 60.0, "aspect": 1.7777777777777777, "override_transition_enabled": false, "override_transition_sec": 3.0}, {"matrix": [-0.49774750078088514, -0.27713144737774875, 0.8218549667311728, 0.4394493569898009, 0.7532842594752426, -0.6078066739171026, 0.25126454498926987, -0.06312369929905903, 0.42989562674353715, 0.7441567093133968, 0.5112930100154296, -0.22290615729670868, 0.0, 0.0, 0.0, 1.0], "fov": 60.0, "aspect": 1.7777777777777777, "override_transition_enabled": false, "override_transition_sec": null}, {"matrix": [0.5082622261968419, -0.15764211136962802, 0.8466513297363657, 0.3466980921759609, 0.6609630921941849, -0.5588262402526796, -0.5008403178281041, -0.01558155757057575, 0.5520845045629627, 0.8141634958213128, -0.1798346515371489, -0.11414633472675388, 0.0, 0.0, 0.0, 1.0], "fov": 60.0, "aspect": 1.7777777777777777, "override_transition_enabled": true, "override_transition_sec": 3.0}, {"matrix": [0.9989117622086862, -0.0015874624794597648, 0.04661299479773361, 0.35409548992963946, 0.04383950023178508, -0.30914379041416584, -0.95000432371005, -0.09835476944626742, 0.01591821411354142, 0.9510139834993165, -0.3087377748967509, -0.24881488487338882, 0.0, 0.0, 0.0, 1.0], "fov": 60.0, "aspect": 1.7777777777777777, "override_transition_enabled": true, "override_transition_sec": 2.0}], "camera_type": "perspective", "render_height": 1080.0, "render_width": 1920.0, "fps": 30.0, "seconds": 11.0, "is_cycle": true, "smoothness_value": 0.0, "camera_path": [{"camera_to_world": [0.5082622261968424, -0.15764211136962775, 0.8466513297363656, 0.30436552568914277, 0.6609630921941849, -0.5588262402526791, -0.5008403178281042, 0.00946045832082932, 0.5520845045629621, 0.8141634958213129, -0.17983465153714898, -0.10515460214989654, 0.0, 0.0, 0.0, 1.0], "fov": 59.99999999999999, "aspect": 1.7777777777777777}, {"camera_to_world": [0.5028401277960287, -0.15654512093994782, 0.8500855433354757, 0.30433558859685705, 0.6641707301736117, -0.5594375377889677, -0.4958899903136481, 0.00901341980343559, 0.5531989217801543, 0.8139553221292405, -0.17733495571589897, -0.10398023564252643, 0.0, 0.0, 0.0, 1.0], "fov": 59.99999999999999, "aspect": 1.7777777777777777}, {"camera_to_world": [0.49718041941761654, -0.15512586211214763, 0.853667146756677, 0.3043509101845703, 0.6677427249087237, -0.5598257766023551, -0.49062689814465255, 0.008301963987969552, 0.5540137939430712, 0.8139601137374813, -0.17475024854137156, -0.10266698026904594, 0.0, 0.0, 0.0, 1.0], "fov": 59.99999999999999, "aspect": 1.7777777777777777}, {"camera_to_world": [0.49128707109851394, -0.1533987960541271, 0.8573831250617122, 0.3044102837265188, 0.6716593718479791, -0.5599938400104649, -0.48505730317057494, 0.007335214088621561, 0.5545364748871092, 0.8141717930016228, -0.17208599449199968, -0.10122054119255837, 0.0, 0.0, 0.0, 1.0], "fov": 59.99999999999999, "aspect": 1.7777777777777777}, {"camera_to_world": [0.4851638326510668, -0.15137850185492907, 0.8612204158422425, 0.30451250249693906, 0.6759006638707301, -0.5599442863140993, -0.47918752989127367, 0.00612229331958197, 0.5547741414904213, 0.814583909367446, -0.16934788611971158, -0.09964662357616696, 0.0, 0.0, 0.0, 1.0], "fov": 59.99999999999999, "aspect": 1.7777777777777777}, {"camera_to_world": [0.47881431047113154, -0.14907966030088288, 0.8651659441821715, 0.30465635977006744, 0.6804463453595389, -0.5596794219635857, -0.4730240117767319, 0.004672324895041133, 0.5547338345322936, 0.8151896708834576, -0.16654180649319847, -0.09795093258297499, 0.0, 0.0, 0.0, 1.0], "fov": 59.99999999999999, "aspect": 1.7777777777777777}, {"camera_to_world": [0.47224204041982965, -0.14651703797452503, 0.8692066571554129, 0.30484064882014045, 0.68527596511694, -0.5592013723323803, -0.46657333487312447, 0.002994432029189406, 0.5544224985452542, 0.8159819745342136, -0.1636737924717441, -0.09613917337608571, 0.0, 0.0, 0.0, 1.0], "fov": 59.99999999999999, "aspect": 1.7777777777777777}, {"camera_to_world": [0.4654505566713604, -0.1437054714431522, 0.8733295579399692, 0.30506416292139443, 0.6903689283695595, -0.5585121499290924, -0.4598422785297684, 0.00109773793621714, 0.5538470204272897, 0.8169534355511852, -0.16074999877116314, -0.09421705111860239, 0.0, 0.0, 0.0, 1.0], "fov": 59.99999999999999, "aspect": 1.7777777777777777}, {"camera_to_world": [0.4584434564337049, -0.14065985133981557, 0.8775217396020331, 0.30532569534806575, 0.695704548056032, -0.5576137198916149, -0.4528378531028373, -0.001008634169685306, 0.5530142666037375, 0.8180964158396585, -0.15777666279597233, -0.0921902709736283, 0.0, 0.0, 0.0, 1.0], "fov": 59.99999999999999, "aspect": 1.7777777777777777}, {"camera_to_world": [0.45122446046283093, -0.13739510617422923, 0.8817704185781009, 0.30562403937439087, 0.7012620955502846, -0.5565080626187171, -0.44556733451273667, -0.0033155610743275817, 0.5519311185505403, 0.8194030516417019, -0.1547600702242519, -0.09006453810426669, 0.0, 0.0, 0.0, 1.0], "fov": 59.99999999999999, "aspect": 1.7777777777777777}, {"camera_to_world": [0.44379746930451924, -0.13392618574430104, 0.8860629678588804, 0.3059579882746063, 0.7070208509286486, -0.5551972334055946, -0.4380382955529156, -0.0058139195635193335, 0.5506045065117374, 0.8208652805367984, -0.1517065213437094, -0.08784555767362083, 0.0, 0.0, 0.0, 1.0], "fov": 59.99999999999999, "aspect": 1.7777777777777777}, {"camera_to_world": [0.43616661521124733, -0.13026804405081005, 0.8903869498562633, 0.30632633532294823, 0.712960152848198, -0.5536834189607898, -0.43025863386870533, -0.0084945864230702, 0.549041441264535, 0.8224748678634908, -0.14862229814901728, -0.08553903484479401, 0.0, 0.0, 0.0, 1.0], "fov": 59.99999999999999, "aspect": 1.7777777777777777}, {"camera_to_world": [0.4283363096950056, -0.12643562164801886, 0.8947301489138182, 0.3067278737936533, 0.7190594480648209, -0.551968990692715, -0.4222365965455636, -0.011348438438789837, 0.5472490438050848, 0.8242234326274307, -0.14551363222143754, -0.08315067478088947, 0.0, 0.0, 0.0, 1.0], "fov": 59.99999999999999, "aspect": 1.7777777777777777}, {"camera_to_world": [0.42031128669057094, -0.12244382739171089, 0.8990806034022675, 0.30716139696095773, 0.7252983405829951, -0.550056554664989, -0.41398080126696124, -0.01436635239648788, 0.5452345728473847, 0.8261024729437327, -0.14238667342198524, -0.08068618264501046, 0.0, 0.0, 0.0, 1.0], "fov": 59.99999999999999, "aspect": 1.7777777777777777}, {"camera_to_world": [0.4120966413177075, -0.11830751957318841, 0.9034266373243065, 0.30762569809909807, 0.7316566403952173, -0.5479489981310764, -0.40550025402301865, -0.017539205081973992, 0.5430054500465427, 0.8281033910446138, -0.13924745943880873, -0.07815126360026028, 0.0, 0.0, 0.0, 1.0], "fov": 59.99999999999999, "aspect": 1.7777777777777777}, {"camera_to_world": [0.4036978642451359, -0.11404148645314044, 0.9077568913379143, 0.30811957048231065, 0.738114411737629, -0.5456495325703272, -0.39680436337192315, -0.020857873281057798, 0.5405692828760525, 0.8302175178670597, -0.13610188623795322, -0.07555162280974217, 0.0, 0.0, 0.0, 1.0], "fov": 59.99999999999999, "aspect": 1.7777777777777777}, {"camera_to_world": [0.39512087167384435, -0.10966042623289057, 0.9120603530940932, 0.308641807384832, 0.7446520207597447, -0.5431617331596574, -0.3879029512770241, -0.02431323377954895, 0.5379338851068318, 0.8324361372197974, -0.13295567947422282, -0.0728929654365594, 0.0, 0.0, 0.0, 1.0], "fov": 59.99999999999999, "aspect": 1.7777777777777777}, {"camera_to_world": [0.3863720309725168, -0.10517892652237221, 0.9163263867737161, 0.3091912020808984, 0.7512501824803524, -0.5404895746277103, -0.378806260563357, -0.027896163363257103, 0.5351072948534805, 0.8347505095142848, -0.1298143669253603, -0.07018099664381525, 0.0, 0.0, 0.0, 1.0], "fov": 59.99999999999999, "aspect": 1.7777777777777777}, {"camera_to_world": [0.37745818201338477, -0.1006114433841423, 0.920544761698914, 0.30976654784474633, 0.7578900068787493, -0.5376374634514837, -0.3695249590579561, -0.03159753881799189, 0.5320977901706414, 0.837151895030773, -0.12668325201819625, -0.06742142159461298, 0.0, 0.0, 0.0, 1.0], "fov": 59.99999999999999, "aspect": 1.7777777777777777}, {"camera_to_world": [0.36838665427267325, -0.09597228005087682, 0.9247056798871854, 0.31036663795061215, 0.7645530439505224, -0.5346102663690662, -0.36007014049874553, -0.03540823692956298, 0.5289139021993808, 0.8396315766779093, -0.123567388519753, -0.06461994545205582, 0.0, 0.0, 0.0, 1.0], "fov": 59.99999999999999, "aspect": 1.7777777777777777}, {"camera_to_world": [0.3591652797758961, -0.09127556542997661, 0.9287998024111225, 0.3109902656727323, 0.7712213275401102, -0.5314133351962474, -0.3504533223167823, -0.03931913448377998, 0.5255644258801885, 0.8421808821927974, -0.12047155646952133, -0.06178227337924709, 0.0, 0.0, 0.0, 1.0], "fov": 59.99999999999999, "aspect": 1.7777777777777777}, {"camera_to_world": [0.3498024019844894, -0.08653523252318618, 0.9328182744232876, 0.31163622428534327, 0.7778774177484066, -0.5280525279492794, -0.34068644041617857, -0.04332110826645255, 0.5220584282654122, 0.8447912057180363, -0.11740023943124567, -0.05891411053929001, 0.0, 0.0, 0.0, 1.0], "fov": 59.99999999999999, "aspect": 1.7777777777777777}, {"camera_to_world": [0.34030688073644877, -0.08176499690145606, 0.9367527487043383, 0.31230330706268133, 0.7845044417026901, -0.5245342262909324, -0.33078184109488734, -0.04740503506339036, 0.5184052544797157, 0.8474540286830181, -0.11435760314357471, -0.05602116209528787, 0.0, 0.0, 0.0, 1.0], "fov": 59.99999999999999, "aspect": 1.7777777777777777}, {"camera_to_world": [0.3306880933697195, -0.07697833538564097, 0.940595407592848, 0.31299030727898297, 0.7910861324681162, -0.5208653493320294, -0.3207522702676663, -0.051561791660403034, 0.5146145313923212, 0.8501609399087208, -0.1113474756489018, -0.05310913321034392, 0.0, 0.0, 0.0, 1.0], "fov": 59.99999999999999, "aspect": 1.7777777777777777}, {"camera_to_world": [0.32095593217286167, -0.07218846509204313, 0.9443389831573745, 0.31369601820848464, 0.7976068658748539, -0.5170533638357956, -0.3106108601697318, -0.05578225484330022, 0.5106961690793677, 0.8529036548483906, -0.10837332897865051, -0.05018372904756145, 0.0, 0.0, 0.0, 1.0], "fov": 59.99999999999999, "aspect": 1.7777777777777777}, {"camera_to_world": [0.31112079832279693, -0.06740832300828614, 0.9479767754751146, 0.3144192331254227, 0.804051695032635, -0.5131062908874692, -0.3003711137357417, -0.06005730139789158, 0.506660360168557, 0.8556740338709092, -0.10543826247123869, -0.047250654770043664, 0.0, 0.0, 0.0, 1.0], "fov": 59.99999999999999, "aspect": 1.7777777777777777}, {"camera_to_world": [0.3011935924841771, -0.06265054626957062, 0.9515026688867455, 0.31515874530403354, 0.8104063823048169, -0.5090327091064968, -0.2900468868636918, -0.06437780810998672, 0.5025175771712808, 0.8584640994892125, -0.10254498779599541, -0.044315615540893916, 0.0, 0.0, 0.0, 1.0], "fov": 59.99999999999999, "aspect": 1.7777777777777777}, {"camera_to_world": [0.29118570225877893, -0.05792745330803539, 0.9549111461038179, 0.31591334801855364, 0.8166574285170481, -0.5048417544932298, -0.27965236878689176, -0.06873465176539534, 0.4982785679195766, 0.8612660524329534, -0.09969581575258357, -0.041384316523215406, 0.0, 0.0, 0.0, 1.0], "fov": 59.99999999999999, "aspect": 1.7777777777777777}, {"camera_to_world": [0.28110898668629225, -0.053251026048812156, 0.9581973000530499, 0.31668183454321935, 0.822792099180991, -0.5005431170160355, -0.2692020607893061, -0.07311870914992705, 0.4939543492363885, 0.8640722864625504, -0.09689264491093205, -0.03846246288011142, 0.0, 0.0, 0.0, 1.0], "fov": 59.99999999999999, "aspect": 1.7777777777777777}, {"camera_to_world": [0.27097575800969076, -0.048632893325436743, 0.9613568433510369, 0.31746299815226714, 0.8287984475212298, -0.49614703405810634, -0.25871075351006023, -0.0775208570493915, 0.4895561989776789, 0.8668754018208963, -0.0941369521515675, -0.03555575977468521, 0.0, 0.0, 0.0, 1.0], "fov": 59.99999999999999, "aspect": 1.7777777777777777}, {"camera_to_world": [0.26079876092890875, -0.04408431568465926, 0.9643861153130322, 0.31825563211993335, 0.8346653341032424, -0.491664280855732, -0.24819350309171717, -0.08193197224959833, 0.4850956465938119, 0.8696682172192053, -0.09142978516052885, -0.03266991237004004, 0.0, 0.0, 0.0, 1.0], "fov": 59.99999999999999, "aspect": 1.7777777777777777}, {"camera_to_world": [0.25059114957564743, -0.039616171746455264, 0.9672820864104279, 0.3190585297204545, 0.8403824428719583, -0.48710615807128277, -0.23766560643390028, -0.08634293153635719, 0.4805844623652693, 0.8724437802547447, -0.08877175692693837, -0.029810625829279225, 0.0, 0.0, 0.0, 1.0], "fov": 59.99999999999999, "aspect": 1.7777777777777777}, {"camera_to_world": [0.24036646244968185, -0.03523894627927843, 0.9700423601031823, 0.3198704842280669, 0.8459402934237417, -0.4824844766544212, -0.2271425758189412, -0.09074461169547778, 0.47603464547402397, 0.8751953761604525, -0.08616304228487323, -0.02698360531550594, 0.0, 0.0, 0.0, 1.0], "fov": 59.99999999999999, "aspect": 1.7777777777777777}, {"camera_to_world": [0.23013859556284666, -0.030962720143393352, 0.9726651719855514, 0.320690288917007, 0.8513302493494064, -0.4778115401540004, -0.2166401131792992, -0.09512788951276964, 0.4714584110767758, 0.8779165347896027, -0.08360337653455133, -0.02419455599182353, 0.0, 0.0, 0.0, 1.0], "fov": 59.99999999999999, "aspect": 1.7777777777777777}, {"camera_to_world": [0.21992177404089808, -0.02679716224662937, 0.9751493861958958, 0.3215167370615112, 0.8565445225018578, -0.4731001246505502, -0.206174084277581, -0.09948364177404248, 0.46686817654962204, 0.8806010357427263, -0.08109205617117526, -0.02144918302133523, 0.0, 0.0, 0.0, 1.0], "fov": 59.99999999999999, "aspect": 1.7777777777777777}, {"camera_to_world": [0.20973052243552803, -0.02275152364717703, 0.9774944890538528, 0.3223486219358159, 0.8615761730588986, -0.46836345648501965, -0.19576049306892418, -0.103802745265106, 0.46227654707556126, 0.8832429115487638, -0.07862794174311916, -0.01875319156714428, 0.0, 0.0, 0.0, 1.0], "fov": 59.99999999999999, "aspect": 1.7777777777777777}, {"camera_to_world": [0.19957963399888656, -0.018834633927275246, 0.9797005799006635, 0.3231847368141576, 0.8664191052694209, -0.4636151879635093, -0.18541545651238678, -0.1080760767717697, 0.4576963007464742, 0.8858364488179441, -0.07620946285473557, -0.016112286792354002, 0.0, 0.0, 0.0, 1.0], "fov": 59.99999999999999, "aspect": 1.7777777777777777}, {"camera_to_world": [0.18948413917097595, -0.01505489994989373, 0.9817683591306725, 0.32402387497077256, 0.8710680587893455, -0.45886937121981286, -0.17515518009266923, -0.11229451307984335, 0.4531403733497997, 0.8883761872899525, -0.0738346253228917, -0.013532173860067599, 0.0, 0.0, 0.0, 1.0], "fov": 59.99999999999999, "aspect": 1.7777777777777777}, {"camera_to_world": [0.17945927352615199, -0.011420307097968818, 0.9836991134138804, 0.3248648296798974, 0.8755185955320638, -0.454140430417755, -0.16499593430609028, -0.11644893097513656, 0.44862184300703495, 0.8908569167075964, -0.07150102049066615, -0.011018557933388374, 0.0, 0.0, 0.0, 1.0], "fov": 59.99999999999999, "aspect": 1.7777777777777777}, {"camera_to_world": [0.16952044541870492, -0.00793842308250381, 0.9854946981206989, 0.32570639421576836, 0.8797670819764805, -0.4494431324733472, -0.15495403235519373, -0.12053020724345895, 0.4441539148264178, 0.8932736714532166, -0.06920583669647093, -0.008577144175419594, 0.0, 0.0, 0.0, 1.0], "fov": 59.99999999999999, "aspect": 1.7777777777777777}, {"camera_to_world": [0.15968320355902654, -0.004616404392033702, 0.9871575169706281, 0.3265473618526219, 0.8838106668938931, -0.44479255647269134, -0.1450458092847216, -0.1245292186706202, 0.43974990572562783, 0.8956217228925263, -0.06694587289239345, -0.0062136377492645, 0.0, 0.0, 0.0, 1.0], "fov": 59.99999999999999, "aspect": 1.7777777777777777}, {"camera_to_world": [0.14996320474124347, -0.001461005441722063, 0.9886904989362624, 0.3273865258646944, 0.8876472544725871, -0.4402040619552071, -0.13528760277798835, -0.12843684204242992, 0.435423229572119, 0.897896569378253, -0.06471755440180188, -0.003933743818026381, 0.0, 0.0, 0.0, 1.0], "fov": 59.99999999999999, "aspect": 1.7777777777777777}, {"camera_to_world": [0.14037618193042967, 0.0015214095342230283, 0.99009707244273, 0.3282226795262223, 0.8912754728360066, -0.4356932562232032, -0.12569573581699606, -0.13224395414469778, 0.4311873827787502, 0.9000939238738657, -0.06251695080344197, -0.001743167544808477, 0.0, 0.0, 0.0, 1.0], "fov": 59.99999999999999, "aspect": 1.7777777777777777}, {"camera_to_world": [0.13093791290258072, 0.004324851817868125, 0.991381136910255, 0.3290546161114421, 0.8946946379664754, -0.4312759608279332, -0.11628650139195357, -0.13594143176323345, 0.4270559304807204, 0.9022096991657187, -0.06033979592731101, 0.0003523859072859459, 0.0, 0.0, 0.0, 1.0], "fov": 59.99999999999999, "aspect": 1.7777777777777777}, {"camera_to_world": [0.12166418961357595, 0.0069436907565592065, 0.9925470316938885, 0.3298811288945901, 0.8979047130615391, -0.4269681773691203, -0.10707614942631444, -0.13952015168384652, 0.42304249340645067, 0.9042399906400782, -0.058181509946755805, 0.0023472113751535685, 0.0, 0.0, 0.0, 1.0], "fov": 59.99999999999999, "aspect": 1.7777777777777777}, {"camera_to_world": [0.11257078845431956, 0.009372633526424812, 0.9935995024795214, 0.3307010111499028, 0.9009062633639219, -0.42278605272946246, -0.09808087606203614, -0.14297099069234664, 0.4191607355399942, 0.9061810566096711, -0.056037223551416104, 0.004235603695691226, 0.0, 0.0, 0.0, 1.0], "fov": 59.99999999999999, "aspect": 1.7777777777777777}, {"camera_to_world": [0.10367344152832292, 0.011606702126024604, 0.994543665198985, 0.33151305615161647, 0.9037004065187186, -0.41874584384797253, -0.08931681542661368, -0.14628482557454353, 0.4154243526559029, 0.9080292961825662, -0.053901804187030944, 0.006011857705795575, 0.0, 0.0, 0.0, 1.0], "fov": 59.99999999999999, "aspect": 1.7777777777777777}, {"camera_to_world": [0.09498780906516724, 0.013641207630459395, 0.9953849675293387, 0.33231605717396767, 0.9062887585227271, -0.4148638821160442, -0.08080003397858293, -0.14945253311624682, 0.41184706178912345, 0.9097812246743657, -0.05176988435063312, 0.007670268242363365, 0.0, 0.0, 0.0, 1.0], "fov": 59.99999999999999, "aspect": 1.7777777777777777}, {"camera_to_world": [0.08652945305868487, 0.015471721750812184, 0.9961291480422758, 0.3331088074911927, 0.9086733753406586, -0.4111565374580195, -0.07254652750164414, -0.15246499010326603, 0.408442591682576, 0.9114334465728134, -0.04963589193338702, 0.00920513014229134, 0.0, 0.0, 0.0, 1.0], "fov": 59.99999999999999, "aspect": 1.7777777777777777}, {"camera_to_world": [0.07831381219241562, 0.017094045758074772, 0.9967821930690335, 0.3338901003775281, 0.9108566902713864, -0.4076401821339112, -0.06457222078949598, -0.15531307332141095, 0.4052246742336241, 0.9129826260720696, -0.047494082608264876, 0.010610738242476247, 0.0, 0.0, 0.0, 1.0], "fov": 59.99999999999999, "aspect": 1.7777777777777777}, {"camera_to_world": [0.07035617808704708, 0.01850417684487321, 0.9973502913441583, 0.3346587291072102, 0.9128414471543687, -0.40433115427561783, -0.0568929700337778, -0.1579876595564912, 0.40220703693757215, 0.9144254552020302, -0.0453385742658311, 0.01188138737981479, 0.0, 0.0, 0.0, 1.0], "fov": 59.99999999999999, "aspect": 1.7777777777777777}, {"camera_to_world": [0.06267167287519837, 0.01969827201222296, 0.9978397864881698, 0.3354134869544753, 0.9146306295120316, -0.4012457211399266, -0.0495245678963972, -0.16047962559431636, 0.3994033963018451, 0.9157586195863145, -0.0431633835086932, 0.013011372391203735, 0.0, 0.0, 0.0, 1.0], "fov": 59.99999999999999, "aspect": 1.7777777777777777}, {"camera_to_world": [0.05527522807819507, 0.02067260958235667, 0.9982571273845027, 0.3361531671935601, 0.9162273857282599, -0.3984000420315962, -0.04248275121482775, -0.16277984822069613, 0.39682745217847765, 0.9169787618708942, -0.04096246422348271, 0.013994988113539808, 0.0, 0.0, 0.0, 1.0], "fov": 59.99999999999999, "aspect": 1.7777777777777777}, {"camera_to_world": [0.04818156472753354, 0.02142354845237404, 0.9986088165002924, 0.3368765630987008, 0.91763495036641, -0.39581013081820615, -0.035783211254866, -0.16487920422144017, 0.3944928829350948, 0.9180824428739409, -0.038729748258597374, 0.01482652938371971, 0.0, 0.0, 0.0, 1.0], "fov": 59.99999999999999, "aspect": 1.7777777777777777}, {"camera_to_world": [0.041405174640576914, 0.021947485217220564, 0.9989013561937049, 0.3375824679441338, 0.9188565617326053, -0.3934918179252651, -0.029441606389673747, -0.16676857038235804, 0.3924133413556653, 0.9190661005164479, -0.03645918824620592, 0.015500291038640234, 0.0, 0.0, 0.0, 1.0], "fov": 59.99999999999999, "aspect": 1.7777777777777777}, {"camera_to_world": [0.0349603027258677, 0.022240809304332032, 0.999141193042707, 0.3382696750040956, 0.9198953757917187, -0.3914607116654759, -0.023473577046794702, -0.16843882348925943, 0.3906024511320025, 0.919926006602622, -0.0341448026180291, 0.016010567915198105, 0.0, 0.0, 0.0, 1.0], "fov": 59.99999999999999, "aspect": 1.7777777777777777}, {"camera_to_world": [0.02886093015834168, 0.02229985627644765, 0.9993346602217124, 0.3389369775528226, 0.920754376544701, -0.38973215872026035, -0.017894762726137325, -0.16988084032795409, 0.3890738037752917, 0.9206582215291925, -0.0317807228761422, 0.01635165485029, 0.0, 0.0, 0.0, 1.0], "fov": 59.99999999999999, "aspect": 1.7777777777777777}, {"camera_to_world": [0.023120758228716398, 0.022120859473648613, 0.999487917943522, 0.3395831688645512, 0.921436282977106, -0.38832120355473576, -0.01272082085151005, -0.1710854976842515, 0.38784095574379973, 0.9212585470137841, -0.029361243192130904, 0.016517846680812777, 0.0, 0.0, 0.0, 1.0], "fov": 59.99999999999999, "aspect": 1.7777777777777777}, {"camera_to_world": [0.01775319263472952, 0.02169990018089618, 0.999606891974747, 0.3402070422135178, 0.9219434526901458, -0.38724254650963374, -0.007967447176306597, -0.1720436723439614, 0.38691742554845887, 0.9217224769445918, -0.02688087242035575, 0.01650343824366298, 0.0, 0.0, 0.0, 1.0], "fov": 59.99999999999999, "aspect": 1.7777777777777777}, {"camera_to_world": [0.01277132794454372, 0.021032856523409083, 0.999697210223675, 0.34080739087395884, 0.9222777823278783, -0.38651050027527956, -0.0036503974200131073, -0.17274624109289344, 0.38631669056216533, 0.9220451464670365, -0.02433438862345544, 0.016302724375737522, 0.0, 0.0, 0.0, 1.0], "fov": 59.99999999999999, "aspect": 1.7777777777777777}, {"camera_to_world": [0.008187931924794944, 0.020115351309387297, 0.9997641373906623, 0.3413830081201107, 0.9224406049176201, -0.3861389444139959, 0.0002144902336173593, -0.17318408071685715, 0.38605218322140095, 0.9222212794381537, -0.02171689622033579, 0.015909999913933073, 0.0, 0.0, 0.0, 1.0], "fov": 59.99999999999999, "aspect": 1.7777777777777777}, {"camera_to_world": [0.0034842439377070766, 0.01880632853220493, 0.9998170742947539, 0.3420098300623538, 0.922450042667657, -0.386095240370501, 0.0040477334006129295, -0.17339696392908904, 0.386100736630507, 0.9222671995524852, -0.018693148557592687, 0.015245083824924038, 0.0, 0.0, 0.0, 1.0], "fov": 59.99999999999999, "aspect": 1.7777777777777777}, {"camera_to_world": [-0.0018570280853658083, 0.016975272141099895, 0.9998541851602292, 0.342762921800896, 0.9223202513002615, -0.38633783820948686, 0.00827217075762987, -0.17343227865776187, 0.38642192676931914, 0.9222011249740245, -0.01493919705107527, 0.014235430956922085, 0.0, 0.0, 0.0, 1.0], "fov": 59.99999999999999, "aspect": 1.7777777777777777}, {"camera_to_world": [-0.007820252169998154, 0.014634740496884513, 0.9998623245360265, 0.3436395443847736, 0.9220457828939083, -0.3868666849010114, 0.012874096522141998, -0.17329262694016848, 0.3870018319124051, 0.9220195184942076, -0.010468505726801969, 0.012887393674307959, 0.0, 0.0, 0.0, 1.0], "fov": 59.99999999999999, "aspect": 1.7777777777777777}, {"camera_to_world": [-0.014388557751906061, 0.011799041137446176, 0.9998268610284768, 0.3446366658971158, 0.9216208176377594, -0.3876814012082186, 0.017838151640247102, -0.1729810045920872, 0.38782475153415397, 0.921717914432322, -0.005296065709810449, 0.011208109032547585, 0.0, 0.0, 0.0, 1.0], "fov": 59.99999999999999, "aspect": 1.7777777777777777}, {"camera_to_world": [-0.021543812507100912, 0.008484164628417779, 0.999731905609307, 0.3457509719187845, 0.921039281682513, -0.38878122390887515, 0.02314738718898829, -0.17250078875757013, 0.3888733800871678, 0.921291039187115, 0.0005615808991402127, 0.009205472187624738, 0.0, 0.0, 0.0, 1.0], "fov": 59.99999999999999, "aspect": 1.7777777777777777}, {"camera_to_world": [-0.02926659904641382, 0.004707712396455732, 0.999560555256283, 0.3469788765540811, 0.920294972012495, -0.390164944607601, 0.028783336982855845, -0.17185572473765345, 0.39012899234583603, 0.9207329436070699, 0.0070863169476578225, 0.006888108330611065, 0.0, 0.0, 0.0, 1.0], "fov": 59.99999999999999, "aspect": 1.7777777777777777}, {"camera_to_world": [-0.037536193731952494, 0.000488817944676756, 0.999295149201243, 0.348316533990782, 0.91938168663187, -0.3918308465149424, 0.03472609977123875, -0.17104991213224596, 0.3915716389705152, 0.9200371453242533, 0.014258428298506709, 0.004265343218975938, 0.0, 0.0, 0.0, 1.0], "fov": 59.99999999999999, "aspect": 1.7777777777777777}, {"camera_to_world": [-0.04633054983360552, -0.004151939102436442, 0.998917534911569, 0.34975985056613684, 0.9182933582793371, -0.39377664061787787, 0.040954431307929695, -0.1700877903302261, 0.39318035084700387, 0.9191967790986806, 0.022056586373203957, 0.001347172377858949, 0.0, 0.0, 0.0, 1.0], "fov": 59.99999999999999, "aspect": 1.7777777777777777}, {"camera_to_world": [-0.05562628715007256, -0.00919262659315151, 0.998409340798761, 0.35130449730987234, 0.917024189825661, -0.3959994026892969, 0.047445846438969874, -0.16897412338350631, 0.39493335064601454, 0.9182047531384484, 0.03045783743920666, -0.0018557709539492513, 0.0, 0.0, 0.0, 1.0], "fov": 59.99999999999999, "aspect": 1.7777777777777777}, {"camera_to_world": [-0.06539869007348753, -0.01461006143200777, 0.9977522525364826, 0.3529459229346986, 0.9155687894691698, -0.3984955125808194, 0.05417673119439104, -0.1677139843015018, 0.3968082699322572, 0.9170539092975414, 0.039437600782322, -0.005332249057156363, 0.0, 0.0, 0.0, 1.0], "fov": 59.99999999999999, "aspect": 1.7777777777777777}, {"camera_to_world": [-0.07562171588292543, -0.020379919354709453, 0.996928289785187, 0.3546793672443003, 0.9139223038281346, -0.40126059721343066, 0.06112246468686061, -0.16631273880307185, 0.39878237003708866, 0.915737185010534, 0.04896967772597438, -0.009070454066766024, 0.0, 0.0, 0.0, 1.0], "fov": 59.99999999999999, "aspect": 1.7777777777777777}, {"camera_to_world": [-0.08626801481444768, -0.02647685292223162, 0.9959200800663222, 0.3564998749283264, 0.9120805470376356, -0.40428947862400666, 0.06825755042086451, -0.16477602856358242, 0.40083276479786695, 0.9142477748035618, 0.05902627322840476, -0.013058043329827148, 0.0, 0.0, 0.0, 1.0], "fov": 59.99999999999999, "aspect": 1.7777777777777777}, {"camera_to_world": [-0.09730896317924087, -0.03287461756739807, 0.9947111265109976, 0.3584023097134602, 0.9100401239938334, -0.40757612834326684, 0.07555575640545664, -0.1631097539952738, 0.4029366431664773, 0.9125792892261525, 0.06957803151297753, -0.017282175706323146, 0.0, 0.0, 0.0, 1.0], "fov": 59.99999999999999, "aspect": 1.7777777777777777}, {"camera_to_world": [-0.10871471049330106, -0.039546205318215566, 0.9932860662303117, 0.36038136883925687, 0.9077985459515585, -0.41111362927330286, 0.08299026324798059, -0.16132005659960094, 0.4050714896047284, 0.9107259090805875, 0.08059408687207537, -0.021729548732374458, 0.0, 0.0, 0.0, 1.0], "fov": 59.99999999999999, "aspect": 1.7777777777777777}, {"camera_to_world": [-0.12045424124910764, -0.046463985605391944, 0.9916309161208944, 0.3624315978270853, 0.9053543367724644, -0.4148941461021184, 0.09053381919197939, -0.15941330093064984, 0.4072153001207023, 0.908682532885857, 0.09204213043900167, -0.02638643656401892, 0.0, 0.0, 0.0, 1.0], "fov": 59.99999999999999, "aspect": 1.7777777777777777}, {"camera_to_world": [-0.13249545160979626, -0.053599852343471754, 0.9897333030324249, 0.36454740551019366, 0.9027071282405315, -0.4189089051409449, 0.09815890085645496, -0.15739605620912395, 0.40934679176274086, 0.9064449156029133, 0.10388849335310679, -0.031238728619018753, 0.0, 0.0, 0.0, 1.0], "fov": 59.99999999999999, "aspect": 1.7777777777777777}, {"camera_to_world": [-0.14480524094777925, -0.06092537626291439, 0.987582675385346, 0.3667230792926457, 0.8998577430086367, -0.4231481843002186, 0.1058378782422914, -0.1552750776267302, 0.4114456033808814, 0.9040097967669655, 0.1160982463601068, -0.03627196883343781, 0.0, 0.0, 0.0, 1.0], "fov": 59.99999999999999, "aspect": 1.7777777777777777}, {"camera_to_world": [-0.15734961779131507, -0.06841196127092536, 0.9851704935370287, 0.3689528006046382, 0.8968082639126185, -0.4276013137353697, 0.1135431824013291, -0.15305728738108884, 0.4134924854927386, 0.9013750163205387, 0.12863531550156032, -0.04147139544912228, 0.0, 0.0, 0.0, 1.0], "fov": 59.99999999999999, "aspect": 1.7777777777777777}, {"camera_to_world": [-0.17009381939305945, -0.076031003438561, 0.9824903964519993, 0.37123066052151404, 0.8935620885854227, -0.43225668749782675, 0.12124747402013486, -0.15074975548153063, 0.4154694771546262, 0.898539616616614, 0.14146261316450365, -0.0468219812477126, 0.0, 0.0, 0.0, 1.0], "fov": 59.99999999999999, "aspect": 1.7777777777777777}, {"camera_to_world": [-0.18300244380271735, -0.08375405105644357, 0.9795383425338018, 0.3735506755136271, 0.8901239685203444, -0.4371017863239568, 0.12892381105908457, -0.14835968036634195, 0.41736006784049895, 0.8955039292622006, 0.15454218339383458, -0.05230847414640647, 0.0, 0.0, 0.0, 1.0], "fov": 59.99999999999999, "aspect": 1.7777777777777777}, {"camera_to_world": [-0.19603959301999807, -0.09155296407678831, 0.9763127228185176, 0.37590680329409926, 0.8865000319652556, -0.442123211489585, 0.13654581351230088, -0.14589436937216074, 0.41914934247133667, 0.8922696456962377, 0.16783536002569982, -0.057915438070392344, 0.0, 0.0, 0.0, 1.0], "fov": 59.99999999999999, "aspect": 1.7777777777777777}, {"camera_to_world": [-0.20916902553177463, -0.09940007116964122, 0.9728144451073691, 0.37829295873143093, 0.8826977902746704, -0.4473067294547943, 0.14408782331852282, -0.14336121909632532, 0.4208241079148177, 0.8888398706380842, 0.18130293588845142, -0.06362729401666747, 0.0, 0.0, 0.0, 1.0], "fov": 59.99999999999999, "aspect": 1.7777777777777777}, {"camera_to_world": [-0.2223543163055457, -0.10726832256980706, 0.969046988021403, 0.3807030297938847, 0.8787261275985618, -0.4526373268275443, 0.15152505745932188, -0.14076769569302616, 0.42237299948733625, 0.8852191577996233, 0.19490534104686863, -0.06942836122385389, 0.0, 0.0, 0.0, 1.0], "fov": 59.99999999999999, "aspect": 1.7777777777777777}, {"camera_to_world": [-0.23555902212589397, -0.11513143688012223, 0.9650164243871763, 0.38313089349256557, 0.874595274040832, -0.45809927498977276, 0.15883375233018343, -0.13812131514411036, 0.423786566234153, 0.8814135275202908, 0.20860282784205741, -0.07530289836262509, 0.0, 0.0, 0.0, 1.0], "fov": 59.99999999999999, "aspect": 1.7777777777777777}, {"camera_to_world": [-0.2487468500260689, -0.12296404002765143, 0.9607314138000209, 0.3855704317901575, 0.8703167626707933, -0.4636762035602746, 0.16599129756153191, -0.13542962354533977, 0.42505733403429075, 0.8774304662547394, 0.2223556603094518, -0.08123514466146006, 0.0, 0.0, 0.0, 1.0], "fov": 59.99999999999999, "aspect": 1.7777777777777777}, {"camera_to_world": [-0.26188182648648517, -0.13074179464190205, 0.9562031646516953, 0.3880155474423569, 0.8659033710125642, -0.46935118171871826, 0.17297635759929803, -0.13270017744880797, 0.42617984586929974, 0.8732789081118686, 0.23612430544474355, -0.08720936088264078, 0.0, 0.0, 0.0, 1.0], "fov": 59.99999999999999, "aspect": 1.7777777777777777}, {"camera_to_world": [-0.274928465047387, -0.13844151823694756, 0.9514453663426692, 0.390460179739158, 0.8613690478646792, -0.4751068062879168, 0.17976897952536547, -0.12994052430207442, 0.4271506789031045, 0.8689691989058901, 0.24986962373500377, -0.09320987006371398, 0.0, 0.0, 0.0, 1.0], "fov": 59.99999999999999, "aspect": 1.7777777777777777}, {"camera_to_world": [-0.2878519300145689, -0.1460412887299466, 0.9464740928165887, 0.39289832011330716, 0.8567288265105203, -0.4809252953697729, 0.1863506858034168, -0.1271581830243808, 0.4279684383372153, 0.8645130434294173, 0.2635530563807068, -0.09922109794004752, 0.0, 0.0, 0.0, 1.0], "fov": 59.99999999999999, "aspect": 1.7777777777777777}, {"camera_to_world": [-0.3006181940233563, -0.1535205360133387, 0.9413076789468535, 0.39532402758343427, 0.8519987255651362, -0.4867885862560781, 0.19270455087047644, -0.124360624760073, 0.428633728324684, 0.8599234368901604, 0.2771368067029265, -0.10522761296461067, 0.0, 0.0, 0.0, 1.0], "fov": 59.99999999999999, "aspect": 1.7777777777777777}, {"camera_to_world": [-0.3131941873644464, -0.16086011851252796, 0.9359665716644263, 0.39773144399960886, 0.8471956388618045, -0.49267843628996766, 0.19881526075332095, -0.12155525384905849, 0.42914910054043315, 0.8552145816618235, 0.2905840133564294, -0.1112141658417239, 0.0, 0.0, 0.0, 1.0], "fov": 59.99999999999999, "aspect": 1.7777777777777777}, {"camera_to_world": [-0.32554793716129304, -0.1680423838998507, 0.9304731580348151, 0.40011480905934105, 0.8423372159094412, -0.49857652533761, 0.20466915516561662, -0.11874938905379354, 0.4295189813081121, 0.8504017906822228, 0.3038589131496896, -0.11716572849222776, 0.0, 0.0, 0.0, 1.0], "fov": 59.99999999999999, "aspect": 1.7777777777777777}, {"camera_to_world": [-0.33764869471728165, -0.1750512133931909, 0.9248515727646722, 0.4024684750623635, 0.837441734547594, -0.5044645585425231, 0.2102542518295754, -0.11595024508190224, 0.42974957846824374, 0.8455013789841321, 0.31692699150166725, -0.12306753236833398, 0.0, 0.0, 0.0, 1.0], "fov": 59.99999999999999, "aspect": 1.7777777777777777}, {"camera_to_world": [-0.3494670496153204, -0.18187204933745438, 0.9191274878399391, 0.40478692137288075, 0.8325279674881223, -0.5103243680753887, 0.21556025305828297, -0.11316491444309781, 0.4298487694332264, 0.8405305449644584, 0.32975511883591935, -0.12890510603733146, 0.0, 0.0, 0.0, 1.0], "fov": 59.99999999999999, "aspect": 1.7777777777777777}, {"camera_to_world": [-0.360975029445487, -0.188491906042848, 0.9133278871649348, 0.40706476855837065, 0.8276150444615735, -0.5161380126587081, 0.2205785349248358, -0.11040034967858565, 0.429825972106965, 0.8355072430835376, 0.3423116715177106, -0.1346643119543394, 0.0, 0.0, 0.0, 1.0], "fov": 59.99999999999999, "aspect": 1.7777777777777777}, {"camera_to_world": [-0.37214618435002433, -0.19489936412899672, 0.9074808291836417, 0.4092967921744467, 0.8227223116824613, -0.5218878737354622, 0.22530211962550334, -0.1076633460006016, 0.42969200054641943, 0.8304500497380864, 0.35456663627085006, -0.14033138234540446, 0.0, 0.0, 0.0, 1.0], "fov": 59.99999999999999, "aspect": 1.7777777777777777}, {"camera_to_world": [-0.38295565590101777, -0.2010845488921854, 0.9016152005208473, 0.4114779361657696, 0.8178691903127572, -0.5275567472610314, 0.22972563191014433, -0.10496052437914971, 0.4294589074062572, 0.8253780240690847, 0.3664916973592135, -0.14589295412346673, 0.0, 0.0, 0.0, 1.0], "fov": 59.99999999999999, "aspect": 1.7777777777777777}, {"camera_to_world": [-0.3933802301560483, -0.207039093468525, 0.8957604636832912, 0.41360332585349935, 0.8130750355393533, -0.5331279302243974, 0.23384524069847618, -0.10229831511237886, 0.42913981533417855, 0.8203105654509031, 0.37806030617424846, -0.1513361027610291, 0.0, 0.0, 0.0, 1.0], "fov": 59.99999999999999, "aspect": 1.7777777777777777}, {"camera_to_world": [-0.4033983750628718, -0.21275608780331395, 0.8899464018126393, 0.41566828048033405, 0.8083589977921819, -0.5385853011442565, 0.23765858722076583, -0.09968294191635642, 0.4287487395725549, 0.8152672693626181, 0.3892477332252125, -0.15664837504478385, 0.0, 0.0, 0.0, 1.0], "fov": 59.99999999999999, "aspect": 1.7777777777777777}, {"camera_to_world": [-0.41299026269763317, -0.21823001465161018, 0.8842028633871851, 0.4176683252847694, 0.8037398875187659, -0.5439133939338668, 0.2411647012119788, -0.09712040656926883, 0.4283004040720261, 0.8102677832695184, 0.40003110287481325, -0.16181782063897737, 0.0, 0.0, 0.0, 1.0], "fov": 59.99999999999999, "aspect": 1.7777777777777777}, {"camera_to_world": [-0.42213777711513734, -0.22345667402315256, 0.8785595096331278, 0.41959920307683873, 0.7992360448024314, -0.5490974646812222, 0.24436390684636888, -0.09461647414430568, 0.4278100534359348, 0.805331664046041, 0.4103894114910588, -0.16683302238590672, 0.0, 0.0, 0.0, 1.0], "fov": 59.99999999999999, "aspect": 1.7777777777777777}, {"camera_to_world": [-0.4308245088574497, -0.22843309764318465, 0.8730455672351108, 0.4214568852882635, 0.7948652149695202, -0.5541235510441187, 0.24725772022267473, -0.09217665886465816, 0.427293262992989, 0.8004782383546698, 0.4203035299892316, -0.1716831252736701, 0.0, 0.0, 0.0, 1.0], "fov": 59.99999999999999, "aspect": 1.7777777777777777}, {"camera_to_world": [-0.4390357374031548, -0.2331574551272278, 0.8676895887363539, 0.42323758247065085, 0.790644431180374, -0.5589785241091938, 0.24984874029734566, -0.08980621061318864, 0.4267657492422877, 0.7957264672632816, 0.42975619200933757, -0.17635786400311865, 0.0, 0.0, 0.0, 1.0], "fov": 59.99999999999999, "aspect": 1.7777777777777777}, {"camera_to_world": [-0.4467584030388553, -0.23762895366099718, 0.8625192227980496, 0.4249377542161188, 0.7865899048439384, -0.5636501327060579, 0.25214053521408913, -0.08751010212840997, 0.42624318283319873, 0.7910948162403943, 0.43873196920876556, -0.1808475890878778, 0.0, 0.0, 0.0, 1.0], "fov": 59.99999999999999, "aspect": 1.7777777777777777}, {"camera_to_world": [-0.4539810697936637, -0.24184773303596457, 0.8575609962529579, 0.42655411847551755, 0.782716924541017, -0.5681270402992067, 0.25413752599314343, -0.08529301691744043, 0.42574100613642163, 0.7866011315185281, 0.4472172353428687, -0.18514329142333738, 0.0, 0.0, 0.0, 1.0], "fov": 59.99999999999999, "aspect": 1.7777777777777777}, {"camera_to_world": [-0.4606938811936425, -0.2458147579166719, 0.8528401096460618, 0.42808366025023814, 0.7790397639902698, -0.5723988546984984, 0.25584486952415764, -0.08315933791558262, 0.42527425733604396, 0.7822625236646686, 0.4552001209545757, -0.18923662526263926, 0.0, 0.0, 0.0, 1.0], "fov": 59.99999999999999, "aspect": 1.7777777777777777}, {"camera_to_world": [-0.46688851066506043, -0.24953170920873108, 0.8483802477122692, 0.4295236396344637, 0.775571599447707, -0.5764561509313111, 0.25726834275437593, -0.08111313692110991, 0.42485740282956985, 0.7780952590479052, 0.46267046059596884, -0.19311992953991547, 0.0, 0.0, 0.0, 1.0], "fov": 59.99999999999999, "aspect": 1.7777777777777777}, {"camera_to_world": [-0.4725581084424656, -0.25300087635797547, 0.8442034060031834, 0.4308715991856228, 0.7723244367975532, -0.580290487704356, 0.2584142298813735, -0.07915816483272568, 0.42450417956790665, 0.774114659751343, 0.4696197345591867, -0.19678624748336687, 0.0, 0.0, 0.0, 1.0], "fo