{"default_fov": 89.03, "default_transition_sec": 2.0, "keyframes": [{"matrix": [-0.9341411062834751, -0.1275560825963942, 0.33333142567742824, 0.09223424309503343, 0.35537107874328666, -0.4188901687407659, 0.8356090131904785, -0.19934471315637314, 0.03304224484380186, 0.899033076324222, 0.43663226831131907, -0.08606374656875945, 0.0, 0.0, 0.0, 1.0], "fov": 89.03, "aspect": 1.7777777777777777, "override_transition_enabled": false, "override_transition_sec": null}, {"matrix": [-0.9304239163053303, -0.1209772924217534, 0.3459419469872851, 0.004937751001064674, 0.3649773339179395, -0.3914079503526582, 0.844743370572912, -0.2920873905979928, 0.03320966264816441, 0.912230404623214, 0.4083292876928648, -0.11696449744343437, 0.0, 0.0, 0.0, 1.0], "fov": 89.03, "aspect": 1.7777777777777777, "override_transition_enabled": false, "override_transition_sec": null}, {"matrix": [-0.9996357518678136, -0.004892873473808205, 0.02654097543121646, 0.012916115428858973, 0.024843398983824476, -0.5510308282897218, 0.8341149991465647, -0.24263467177247727, 0.010543676522050583, 0.8344705423581545, 0.5509516719476273, -0.09246029352151247, 0.0, 0.0, 0.0, 1.0], "fov": 89.03, "aspect": 1.7777777777777777, "override_transition_enabled": false, "override_transition_sec": null}], "camera_type": "perspective", "render_height": 1080.0, "render_width": 1920.0, "fps": 30.0, "seconds": 6.0, "is_cycle": true, "smoothness_value": 0.0, "camera_path": [{"camera_to_world": [-0.9341411062834751, -0.1275560825963942, 0.33333142567742824, 0.09223424309503343, 0.35537107874328666, -0.4188901687407659, 0.8356090131904785, -0.19934471315637314, 0.03304224484380186, 0.899033076324222, 0.43663226831131907, -0.08606374656875945, 0.0, 0.0, 0.0, 1.0], "fov": 89.03, "aspect": 1.7777777777777777}, {"camera_to_world": [-0.9336276686538416, -0.1279246082000541, 0.334626165953672, 0.09213557640589945, 0.3567176931699001, -0.4181209164442732, 0.8354204849124455, -0.19961742564828483, 0.033043360960059026, 0.8993387536677507, 0.43600222757206164, -0.086187500124552, 0.0, 0.0, 0.0, 1.0], "fov": 89.03, "aspect": 1.7777777777777777}, {"camera_to_world": [-0.933124250992889, -0.12826988114846344, 0.33589577222573075, 0.09190889176171368, 0.3580324470064044, -0.41733595849341876, 0.8352505400411223, -0.2000204515840754, 0.033043896555447705, 0.8996541198363621, 0.43535108310637505, -0.08635355767935751, 0.0, 0.0, 0.0, 1.0], "fov": 89.03, "aspect": 1.7777777777777777}, {"camera_to_world": [-0.932631167063918, -0.12859221416275796, 0.3371396575274306, 0.09155843274195288, 0.35931492001366616, -0.41653666729953953, 0.8350987923895982, -0.20054928263914693, 0.033043826602960374, 0.8999784704378831, 0.43468017929475644, -0.08656041711334182, 0.0, 0.0, 0.0, 1.0], "fov": 89.03, "aspect": 1.7777777777777777}, {"camera_to_world": [-0.9321487296814575, -0.1288919263436053, 0.33835723293093745, 0.09108844292609389, 0.36056469197553564, -0.41572441364795676, 0.8349648584207902, -0.2011994104889016, 0.033043133232687705, 0.9003111035750352, 0.43399086179972657, -0.08680657630667073, 0.0, 0.0, 0.0, 1.0], "fov": 89.03, "aspect": 1.7777777777777777}, {"camera_to_world": [-0.9316772505604706, -0.1291693430123098, 0.3395479076858685, 0.09050316589361344, 0.3617813426307006, -0.4149005668170368, 0.8348483573555316, -0.20196632680874158, 0.03304180552588559, 0.9006513201459654, 0.43328447768979617, -0.08709053313951003, 0.0, 0.0, 0.0, 1.0], "fov": 89.03, "aspect": 1.7777777777777777}, {"camera_to_world": [-0.9312170401634083, -0.12942479554243375, 0.3407110893529893, 0.08980684522398837, 0.3629644516040634, -0.41406649468970147, 0.8347489112584366, -0.20284552327406896, 0.03303983930140961, 0.9009984241241397, 0.4325623755538086, -0.08741078549202556, 0.0, 0.0, 0.0, 1.0], "fov": 89.03, "aspect": 1.7777777777777777}, {"camera_to_world": [-0.9307684075451312, -0.12965862118189425, 0.3418461839323506, 0.08900372449669543, 0.36411359833749135, -0.41322356385743875, 0.8346661451015497, -0.2038324915602859, 0.033037236894517596, 0.901351722817551, 0.4318259056057293, -0.08776583124438314, 0.0, 0.0, 0.0, 1.0], "fov": 89.03, "aspect": 1.7777777777777777}, {"camera_to_world": [-0.9303316601957694, -0.12987116286549744, 0.3429525959857239, 0.08809804729121143, 0.36522836201979353, -0.41237313971691225, 0.8345996868058092, -0.2049227233427946, 0.03303400692804828, 0.9017105271072194, 0.43107641977994826, -0.08815416827674857, 0.0, 0.0, 0.0, 1.0], "fov": 89.03, "aspect": 1.7777777777777777}, {"camera_to_world": [-0.9299071038815564, -0.13006276901788566, 0.3440297287532246, 0.08709405718701317, 0.36630832151581183, -0.4115165865592265, 0.8345491672603309, -0.2061117102969971, 0.033030164075974255, 0.9020741516649522, 0.430315271817154, -0.08857429446928768, 0.0, 0.0, 0.0, 1.0], "fov": 89.03, "aspect": 1.7777777777777777}, {"camera_to_world": [-0.9294950424836917, -0.1302337933468711, 0.34507698426398103, 0.08599599776357743, 0.36735305529448226, -0.4106552676519587, 0.8345142203195262, -0.20739494409829562, 0.03302572881933749, 0.9024419151503227, 0.429543817340873, -0.08902470770216625, 0.0, 0.0, 0.0, 1.0], "fov": 89.03, "aspect": 1.7777777777777777}, {"camera_to_world": [-0.9290957778352756, -0.1303845946271423, 0.3460937634407461, 0.08480811260038099, 0.36836214135576595, -0.40979054531404, 0.8344944827780563, -0.2087679164220923, 0.03302072719456811, 0.9028131403868338, 0.4287634139247479, -0.08950390585555013, 0.0, 0.0, 0.0, 1.0], "fov": 89.03, "aspect": 1.7777777777777777}, {"camera_to_world": [-0.9287096095563425, -0.13051553647432929, 0.34707946619833896, 0.08353464527690066, 0.36933515715633813, -0.4089237809835691, 0.8344895943236231, -0.21022611894378923, 0.033015190534190525, 0.9031871545172242, 0.4279754211506439, -0.09001038680960512, 0.0, 0.0, 0.0, 1.0], "fov": 89.03, "aspect": 1.7777777777777777}, {"camera_to_world": [-0.9283368348870419, -0.13062698710942777, 0.3480334915358322, 0.08217983937261322, 0.37027167953395557, -0.40805633527866125, 0.8344991974675904, -0.21176504333878862, 0.03300915519992195, 0.9035632891378789, 0.4271812006576664, -0.09054264844449703, 0.0, 0.0, 0.0, 1.0], "fov": 89.03, "aspect": 1.7777777777777777}, {"camera_to_world": [-0.9279777485190024, -0.13071931911357465, 0.3489552376223728, 0.08074793846699543, 0.37117128463039334, -0.40718956805143103, 0.8345229374534366, -0.21338018128249261, 0.03300266230816498, 0.9039408804123046, 0.4263821161821879, -0.09109918864039168, 0.0, 0.0, 0.0, 1.0], "fov": 89.03, "aspect": 1.7777777777777777}, {"camera_to_world": [-0.9276326424248922, -0.1307929091731881, 0.3498441018765733, 0.07924318613952415, 0.3720335478128973, -0.40632483843519596, 0.8345604621430136, -0.2150670244503033, 0.03299575744789984, 0.9043192691636213, 0.4255795335889795, -0.09167850527745489, 0.0, 0.0, 0.0, 1.0], "fov": 89.03, "aspect": 1.7777777777777777}, {"camera_to_world": [-0.927301805686217, -0.130848137815475, 0.35069948103939935, 0.07766982596967612, 0.37285804359408137, -0.40546350488499094, 0.8346114218806098, -0.2168210645176228, 0.03298849039097873, 0.9046978009460405, 0.42477482089352103, -0.09227909623585248, 0.0, 0.0, 0.0, 1.0], "fov": 89.03, "aspect": 1.7777777777777777}, {"camera_to_world": [-0.9269855243193639, -0.13088538913432574, 0.3515207712404915, 0.07603210153692813, 0.37364434555021736, -0.40460692521148955, 0.834675469334791, -0.21863779315985338, 0.03298091479482665, 0.9050758260952835, 0.4239693482755992, -0.09289945939575024, 0.0, 0.0, 0.0, 1.0], "fov": 89.03, "aspect": 1.7777777777777777}, {"camera_to_world": [-0.9266840810999208, -0.1309050505066092, 0.35230736805786134, 0.07433425642075699, 0.37439202623786694, -0.40375645660842263, 0.8347522593180059, -0.22051270205239706, 0.032973087897551795, 0.9054526997579018, 0.423164488084276, -0.09353809263731401, 0.0, 0.0, 0.0, 1.0], "fov": 89.03, "aspect": 1.7777777777777777}, {"camera_to_world": [-0.9263977553852655, -0.1309075122988968, 0.35305866657094764, 0.07258053420063948, 0.3751006571088484, -0.4029134556735555, 0.8348414485839234, -0.22244128287065604, 0.032965070205469404, 0.9058277818994666, 0.4223616148343037, -0.09419349384070957, 0.0, 0.0, 0.0, 1.0], "fov": 89.03, "aspect": 1.7777777777777777}, {"camera_to_world": [-0.9261268229354516, -0.13089316756463623, 0.35377406140697054, 0.07077517845605238, 0.3757698084234887, -0.40207927842333413, 0.834942695602486, -0.22441902729003246, 0.03295692517304169, 0.906200437291589, 0.4215621051940882, -0.09486416088610278, 0.0, 0.0, 0.0, 1.0], "fov": 89.03, "aspect": 1.7777777777777777}, {"camera_to_world": [-0.9258715557323786, -0.1308624117318042, 0.35445294678058525, 0.0689224327664725, 0.3763990491621694, -0.4012552803012409, 0.8350556603126448, -0.22644142698592845, 0.03294871887523762, 0.9065700354777385, 0.4207673379652612, -0.09554859165365942, 0.0, 0.0, 0.0, 1.0], "fov": 89.03, "aspect": 1.7777777777777777}, {"camera_to_world": [-0.9256322217972482, -0.13081564228107945, 0.3550947165268441, 0.06702654071137662, 0.3769879469351891, -0.4004428161799377, 0.8351800038527458, -0.22850397363374614, 0.032940519672314594, 0.9069359507178388, 0.41997869405393407, -0.09624528402354532, 0.0, 0.0, 0.0, 1.0], "fov": 89.03, "aspect": 1.7777777777777777}, {"camera_to_world": [-0.9254090850062919, -0.13075325841455673, 0.35569876412744816, 0.06509174587024154, 0.3775360678909313, -0.39964324035723264, 0.8353153882685422, -0.23060215890888774, 0.0329323978670239, 0.9072975619116077, 0.4191975564336946, -0.09695273587592627, 0.0, 0.0, 0.0, 1.0], "fov": 89.03, "aspect": 1.7777777777777777}, {"camera_to_world": [-0.925202404904783, -0.1306756607150515, 0.3562644827303049, 0.06312229182254402, 0.37804297662236735, -0.3988579065459724, 0.8354614761987923, -0.23273147448675532, 0.032924425354243614, 0.9076542525006147, 0.4184253101004327, -0.09766944509096813, 0.0, 0.0, 0.0, 1.0], "fov": 89.03, "aspect": 1.7777777777777777}, {"camera_to_world": [-0.9250124365192618, -0.13058325079603517, 0.35679126516247445, 0.06112242214776088, 0.378508236071987, -0.3980881678578073, 0.8356179305384056, -0.2348874120427511, 0.03291667526303799, 0.9080054103490544, 0.4176633420189918, -0.09839390954883669, 0.0, 0.0, 0.0, 1.0], "fov": 89.03, "aspect": 1.7777777777777777}, {"camera_to_world": [-0.9248394301680076, -0.1304764309422238, 0.35727850393648725, 0.05909638042536891, 0.37893140743514553, -0.39733537678092035, 0.8357844140791237, -0.23706546325227712, 0.03290922159114584, 0.908350427603215, 0.416913041061708, -0.09912462712969775, 0.0, 0.0, 0.0, 1.0], "fov": 89.03, "aspect": 1.7777777777777777}, {"camera_to_world": [-0.924683631269681, -0.1303556037409049, 0.35772559125013925, 0.057048410234844894, 0.37931205006195623, -0.39660088515174274, 0.8359605891276518, -0.23926111979073558, 0.03290213883189805, 0.9086887005296143, 0.41617579793890913, -0.09986009571371715, 0.0, 0.0, 0.0, 1.0], "fov": 89.03, "aspect": 1.7777777777777777}, {"camera_to_world": [-0.9245452801501238, -0.1302211717039884, 0.35813191897982094, 0.0549827551556656, 0.3796497213577755, -0.39588604412057016, 0.8361461171012691, -0.24146987333352868, 0.032895501593562304, 0.9090196293318457, 0.41545300512127925, -0.10059881318106068, 0.0, 0.0, 0.0, 1.0], "fov": 89.03, "aspect": 1.7777777777777777}, {"camera_to_world": [-0.9244246118472632, -0.1300735368808893, 0.35849687866749147, 0.05290365876730785, 0.3799439766824205, -0.39519220411116984, 0.8363406581008151, -0.24368721555605846, 0.03288938421111681, 0.9093426179460921, 0.4147460567542042, -0.10133927741189416, 0.0, 0.0, 0.0, 1.0], "fov": 89.03, "aspect": 1.7777777777777777}, {"camera_to_world": [-0.9243218559140712, -0.12991310046224075, 0.3588198615013599, 0.05081536464924843, 0.3801943692481777, -0.39452071477428485, 0.8365438704610584, -0.24590863813372713, 0.03288386035044716, 0.9096570738153338, 0.4140563485640293, -0.10207998628638344, 0.0, 0.0, 0.0, 1.0], "fov": 89.03, "aspect": 1.7777777777777777}, {"camera_to_world": [-0.9242372362195292, -0.12974026237451539, 0.35910025829046366, 0.048722116380964124, 0.38040045001680567, -0.3938729249350085, 0.8367554102783875, -0.24812963274193675, 0.032879002604968705, 0.9099624076422789, 0.4133852777561987, -0.10281943768469429, 0.0, 0.0, 0.0, 1.0], "fov": 89.03, "aspect": 1.7777777777777777}, {"camera_to_world": [-0.9241709707475265, -0.12955542086557859, 0.359337459433214, 0.046628157541931704, 0.38056176759560756, -0.39325018253396093, 0.8369749309158028, -0.2503456910560896, 0.03287488208466588, 0.9102580331210204, 0.4127342429052505, -0.10355612948699253, 0.0, 0.0, 0.0, 1.0], "fov": 89.03, "aspect": 1.7777777777777777}, {"camera_to_world": [-0.9241232713936255, -0.1293589720812442, 0.3595308548801165, 0.044537731711628004, 0.3806778681327902, -0.39265383456220293, 0.8372020824851502, -0.25255230475158774, 0.03287156799754856, 0.9105433666474553, 0.4121046438366116, -0.104288559573444, 0.0, 0.0, 0.0, 1.0], "fov": 89.03, "aspect": 1.7777777777777777}, {"camera_to_world": [-0.9240943437596252, -0.12915130963286808, 0.3596798340907959, 0.04245508246952976, 0.380748295212246, -0.39208522698979664, 0.8374365113065753, -0.2547449655038333, 0.03286912722351781, 0.9108178270084938, 0.41149788150012345, -0.10501522582421448, 0.0, 0.0, 0.0, 1.0], "fov": 89.03, "aspect": 1.7777777777777777}, {"camera_to_world": [-0.9240843869458292, -0.12893282415600887, 0.3597837859855644, 0.04038445339511378, 0.38077258974799083, -0.3915457046878217, 0.8376778593451811, -0.2569191649882285, 0.03286762388063605, 0.9110808350501466, 0.41091535783512445, -0.10573462611946982, 0.0, 0.0, 0.0, 1.0], "fov": 89.03, "aspect": 1.7777777777777777}, {"camera_to_world": [-0.9240935933409348, -0.12870390286026426, 0.3598420988916877, 0.03833008806785689, 0.3807502898784425, -0.3910366113438736, 0.8379257636247872, -0.25907039488017536, 0.032867118883795204, 0.9113318133244535, 0.4103584756271548, -0.10644525833937582, 0.0, 0.0, 0.0, 1.0], "fov": 89.03, "aspect": 1.7777777777777777}, {"camera_to_world": [-0.9241221484094444, -0.1284649290702267, 0.35985416048462443, 0.03629623006723585, 0.3806809308607785, -0.39055928937064477, 0.8381798556188688, -0.26119414685507614, 0.03286766949577408, 0.911570185715438, 0.40982863835588434, -0.10714562036409828, 0.0, 0.0, 0.0, 1.0], "fov": 89.03, "aspect": 1.7777777777777777}, {"camera_to_world": [-0.9241702304765111, -0.12821628175769162, 0.35981935772443474, 0.034287122972727443, 0.3805640449656057, -0.39011507980763727, 0.8384397606185536, -0.26328591258833284, 0.032869328870680614, 0.9117953770440566, 0.40932725003434334, -0.10783421007380303, 0.0, 0.0, 0.0, 1.0], "fov": 89.03, "aspect": 1.7777777777777777}, {"camera_to_world": [-0.9242380105100664, -0.12795833506515616, 0.35973707678768374, 0.03230701036380849, 0.3803991613722618, -0.389705322215703, 0.838705097077653, -0.2653411837553478, 0.03287214558976276, 0.9120068126522457, 0.40885571503920193, -0.10850952534865588, 0.0, 0.0, 0.0, 1.0], "fov": 89.03, "aspect": 1.7777777777777777}, {"camera_to_world": [-0.9243256519001769, -0.1276914578205642, 0.3596067029950523, 0.030360135819955725, 0.3801858060649348, -0.38933135456412826, 0.8389754759347955, -0.26735545203152306, 0.03287616318958819, 0.9122039179662188, 0.4084154379317848, -0.10917006406882264, 0.0, 0.0, 0.0, 1.0], "fov": 89.03, "aspect": 1.7777777777777777}, {"camera_to_world": [-0.9244333102354431, -0.12741601304345568, 0.3594276207350393, 0.028450742920646012, 0.37992350173001893, -0.38899451311012, 0.8392504999125239, -0.2693242090922608, 0.0328814196825746, 0.91238611803903, 0.40800782326976004, -0.10981432411446915, 0.0, 0.0, 0.0, 1.0], "fov": 89.03, "aspect": 1.7777777777777777}, {"camera_to_world": [-0.924561133076365, -0.12713235744245605, 0.35919921338398225, 0.02658307524535608, 0.37961176765489996, -0.3886961322703363, 0.8395297627934364, -0.271242946612963, 0.03288794706986564, 0.9125528370725746, 0.4076342754091281, -0.11044080336576119, 0.0, 0.0, 0.0, 1.0], "fov": 89.03, "aspect": 1.7777777777777777}, {"camera_to_world": [-0.9247092597254819, -0.12684084090424078, 0.35892086322287964, 0.02476137637356275, 0.3792501196286747, -0.3884375444841949, 0.8398128486732777, -0.27310715626903204, 0.032895770846538414, 0.9127034979191186, 0.40729619829629815, -0.11104799970286458, 0.0, 0.0, 0.0, 1.0], "fov": 89.03, "aspect": 1.7777777777777777}, {"camera_to_world": [-0.92487782099422, -0.12654180597387457, 0.35859195135119004, 0.02298988988474282, 0.3788380698449373, -0.3882200800685647, 0.8400993311910919, -0.27491232973586993, 0.03290490949913688, 0.912837521562533, 0.4069949952498507, -0.11163441100594515, 0.0, 0.0, 0.0, 1.0], "fov": 89.03, "aspect": 1.7777777777777777}, {"camera_to_world": [-0.9250669389661884, -0.12623558732677162, 0.3582118575982538, 0.02127285935837302, 0.37837512680732877, -0.3880450670636181, 0.8403887727362439, -0.2766539586888789, 0.03291537399551303, 0.9129543265792969, 0.406732068731835, -0.11219853515516871, 0.0, 0.0, 0.0, 1.0], "fov": 89.03, "aspect": 1.7777777777777777}, {"camera_to_world": [-0.9252767267569096, -0.1259225112320245, 0.3577799604324422, 0.01961452837393022, 0.3778607952378651, -0.3879138310692315, 0.840680723632581, -0.27832753480346095, 0.03292716726697656, 0.9130533285795591, 0.406508820107953, -0.11273887003070107, 0.0, 0.0, 0.0, 1.0], "fov": 89.03, "aspect": 1.7777777777777777}, {"camera_to_world": [-0.9255072882696572, -0.12560289500745142, 0.35729563686881644, 0.018019140510891186, 0.3772945759889044, -0.3878276950717523, 0.8409747212994485, -0.27992854975501835, 0.0329402836827315, 0.9131339396282887, 0.40632664939654395, -0.11325391351270804, 0.0, 0.0, 0.0, 1.0], "fov": 89.03, "aspect": 1.7777777777777777}, {"camera_to_world": [-0.9257587179474167, -0.12527704646607363, 0.3567582623753691, 0.016490939348732647, 0.37667596595872843, -0.38778797926048725, 0.8412702893898767, -0.2814524952189532, 0.032954708516604314, 0.913195567646824, 0.4061869550056727, -0.11374216348135546, 0.0, 0.0, 0.0, 1.0], "fov": 89.03, "aspect": 1.7777777777777777}, {"camera_to_world": [-0.9260311005206096, -0.12494526335433684, 0.3561672107787371, 0.015034168466931485, 0.37600445801168525, -0.3877960008335365, 0.8415669369057077, -0.2828948628706677, 0.03297041740604312, 0.9132376157949431, 0.4060911334580448, -0.11420211781680911, 0.0, 0.0, 0.0, 1.0], "fov": 89.03, "aspect": 1.7777777777777777}, {"camera_to_world": [-0.9263245107505547, -0.12460783278188095, 0.3555218541695395, 0.013653071444964438, 0.3752795409029783, -0.38785307379240974, 0.8418641572898972, -0.28425114438556387, 0.032987375803394225, 0.9132594818337129, 0.4060405791031527, -0.11463227439923482, 0.0, 0.0, 0.0, 1.0], "fov": 89.03, "aspect": 1.7777777777777777}, {"camera_to_world": [-0.9266390131684016, -0.12426503064301647, 0.35482156280810007, 0.012351891862308307, 0.3745006992088732, -0.3879605087248952, 0.8421614274959325, -0.2855168314390439, 0.03300553841944415, 0.9132605574693412, 0.40603668381616853, -0.11503113110879841, 0.0, 0.0, 0.0, 1.0], "fov": 89.03, "aspect": 1.7777777777777777}, {"camera_to_world": [-0.9269746618093444, -0.12391712102988155, 0.35406570503102613, 0.011134873298439874, 0.37366741326276615, -0.38811961257556304, 0.8424582070344547, -0.28668741570650996, 0.03302484865922989, 0.9132402276782713, 0.4060808366830111, -0.11539718582566567, 0.0, 0.0, 0.0, 1.0], "fov": 89.03, "aspect": 1.7777777777777777}, {"camera_to_world": [-0.9273314999419968, -0.1235643556372894, 0.3532536471591886, 0.010006259332835932, 0.37277915909763254, -0.3883316884033423, 0.8427539369971949, -0.28775838886336425, 0.033045238050119, 0.9131978700138056, 0.40617442367098855, -0.11572893643000245, 0.0, 0.0, 0.0, 1.0], "fov": 89.03, "aspect": 1.7777777777777777}, {"camera_to_world": [-0.9277095597926077, -0.12320697315935007, 0.35238475340785924, 0.008970293544973317, 0.3718354083956033, -0.38859803512542446, 0.8430480390582347, -0.2887252425850088, 0.03306662566216062, 0.9131328538945311, 0.4063188272843724, -0.11602488080197455, 0.0, 0.0, 0.0, 1.0], "fov": 89.03, "aspect": 1.7777777777777777}, {"camera_to_world": [-0.9281088622640445, -0.12284519867780835, 0.35145838579944455, 0.008031219514328714, 0.37083562844506757, -0.3889199472468994, 0.8433399144527793, -0.28958346854684586, 0.033088917520722766, 0.9130445398748515, 0.40651542620425585, -0.11628351682174776, 0.0, 0.0, 0.0, 1.0], "fov": 89.03, "aspect": 1.7777777777777777}, {"camera_to_world": [-0.9285294166492346, -0.12247924304219314, 0.3504739040796675, 0.007193280820379011, 0.36977928210613986, -0.3892987145753015, 0.843628942933495, -0.2903285584242775, 0.03311200601142203, 0.9129322788979638, 0.40676559491194686, -0.11650334236948794, 0.0, 0.0, 0.0, 1.0], "fov": 89.03, "aspect": 1.7777777777777777}, {"camera_to_world": [-0.9289712203389349, -0.1221093022417448, 0.3494306656377276, 0.006460721042600981, 0.3686658277849848, -0.3897356219193783, 0.8439144817045908, -0.2909560038927058, 0.03313576927737069, 0.912795411531604, 0.40707070329519757, -0.11668285532536087, 0.0, 0.0, 0.0, 1.0], "fov": 89.03, "aspect": 1.7777777777777777}, {"camera_to_world": [-0.929434258523556, -0.12173555676919055, 0.3483280254312929, 0.005837783760471393, 0.36749471941783085, -0.39023194877120715, 0.8441958643337671, -0.29146129662753306, 0.03316007060876075, 0.9126332671869472, 0.4074321162364358, -0.11682055356953239, 0.0, 0.0, 0.0, 1.0], "fov": 89.03, "aspect": 1.7777777777777777}, {"camera_to_world": [-0.9299185038888625, -0.12135817097637326, 0.3471653359170099, 0.005328712553466996, 0.3662654064653242, -0.39078896897085025, 0.8444723996422214, -0.2918399283041614, 0.03318475782481811, 0.912445163321046, 0.4078511931821929, -0.11691493498216828, 0.0, 0.0, 0.0, 1.0], "fov": 89.03, "aspect": 1.7777777777777777}, {"camera_to_world": [-0.9304239163053303, -0.1209772924217534, 0.3459419469872851, 0.004937751001064674, 0.3649773339179395, -0.3914079503526582, 0.844743370572912, -0.2920873905979928, 0.03320966264816441, 0.912230404623214, 0.4083292876928648, -0.11696449744343437, 0.0, 0.0, 0.0, 1.0], "fov": 89.03, "aspect": 1.7777777777777777}, {"camera_to_world": [-0.9310264798020974, -0.1205361349888318, 0.3444716738271355, 0.00461879695017705, 0.363434888636796, -0.39218588273378496, 0.8450475223949723, -0.29222738345459925, 0.03323816524530135, 0.911954644456771, 0.4089424786260901, -0.11697218555807758, 0.0, 0.0, 0.0, 1.0], "fov": 89.03, "aspect": 1.7777777777777777}, {"camera_to_world": [-0.931796546111713, -0.11997971082925972, 0.3425785539750099, 0.0043226606366258405, 0.36145278453542745, -0.3932124166176626, 0.8454205343905973, -0.2922882150036907, 0.033272829844596036, 0.9115859062134651, 0.40976097225956976, -0.11694273946178728, 0.0, 0.0, 0.0, 1.0], "fov": 89.03, "aspect": 1.7777777777777777}, {"camera_to_world": [-0.9327252570395538, -0.11931063514212688, 0.3402771917459064, 0.0040489542232513605, 0.3590458208022718, -0.3944776738712973, 0.8458566446990372, -0.2922722891968767, 0.03331206155315211, 0.9111269599562251, 0.4107772746830165, -0.11687735033114303, 0.0, 0.0, 0.0, 1.0], "fov": 89.03, "aspect": 1.7777777777777777}, {"camera_to_world": [-0.9338033297840896, -0.11853126993744696, 0.3375821075400232, 0.0037972898728939235, 0.35622864736748366, -0.3959716175002356, 0.846349590257466, -0.29218200998576693, 0.03335404141750603, 0.9105804830882682, 0.411983848882278, -0.11677720934272433, 0.0, 0.0, 0.0, 1.0], "fov": 89.03, "aspect": 1.7777777777777777}, {"camera_to_world": [-0.9350211236083826, -0.11764376760289097, 0.3345077612706677, 0.003567279748393851, 0.3530157994656407, -0.39768407257461746, 0.8468926872680509, -0.2920197813219709, 0.03339676232438668, 0.9099490767975222, 0.41337311705236135, -0.11664350767311076, 0.0, 0.0, 0.0, 1.0], "fov": 89.03, "aspect": 1.7777777777777777}, {"camera_to_world": [-0.9363687039118662, -0.11665011292515423, 0.33106857520604593, 0.0033585360125914536, 0.3494217312061073, -0.39960474618438535, 0.847478908638935, -0.29178800715709813, 0.033438063570419785, 0.909235281971318, 0.414937462665398, -0.11647743649888183, 0.0, 0.0, 0.0, 1.0], "fov": 89.03, "aspect": 1.7777777777777777}, {"camera_to_world": [-0.937835903828863, -0.1155521634950555, 0.3272789559398994, 0.0031706708283270463, 0.34546084785662057, -0.4017232465982098, 0.8481009584600044, -0.29148909144275825, 0.03347566411116529, 0.9084415945200909, 0.4166692324351666, -0.11628018699661709, 0.0, 0.0, 0.0, 1.0], "fov": 89.03, "aspect": 1.7777777777777777}, {"camera_to_world": [-0.9394123834616837, -0.11435168843297601, 0.32315331524118146, 0.0030032963584409496, 0.3411475365817002, -0.404029101778008, 0.8487513435634101, -0.2911254381305609, 0.03350719449724715, 0.907570480055948, 0.41856073830202933, -0.11605295034289606, 0.0, 0.0, 0.0, 1.0], "fov": 89.03, "aspect": 1.7777777777777777}, {"camera_to_world": [-0.941087686837433, -0.11305040537801105, 0.31870608956660473, 0.0028560247657734746, 0.3364961954117818, -0.4065117773788198, 0.8494224422074736, -0.2906994511721156, 0.03353022750243881, 0.9066243878785636, 0.4206042595450675, -0.11579691771429831, 0.0, 0.0, 0.0, 1.0], "fov": 89.03, "aspect": 1.7777777777777777}, {"camera_to_world": [-0.9428512966594108, -0.1116500156904087, 0.3139517580520925, 0.0027284682131649396, 0.331521260251733, -0.40916069434250946, 0.8501065699112426, -0.29021353451903187, 0.03354230744553591, 0.9056057642271759, 0.42279204511170965, -0.11551328028740335, 0.0, 0.0, 0.0, 1.0], "fov": 89.03, "aspect": 1.7777777777777777}, {"camera_to_world": [-0.9446926869061341, -0.11015223782265726, 0.3089048588299154, 0.0026202388634556594, 0.3262372297686669, -0.4119652461732005, 0.8507960424557232, -0.2896700921229193, 0.033540978204805394, 0.904517064763355, 0.4251163162393906, -0.11520322923879074, 0.0, 0.0, 0.0, 1.0], "fov": 89.03, "aspect": 1.7777777777777777}, {"camera_to_world": [-0.9466013733140117, -0.10855883882008711, 0.3035800035477668, 0.002530948879485948, 0.32065868802890407, -0.4149148159627144, 0.8514832360570638, -0.2890715279353875, 0.03352380992085682, 0.903360766254912, 0.42756926942862583, -0.11486795574503998, 0.0, 0.0, 0.0, 1.0], "fov": 89.03, "aspect": 1.7777777777777777}, {"camera_to_world": [-0.9485669617635217, -0.1068716639171723, 0.297991889994169, 0.0024602104240961224, 0.3148003247825482, -0.41799879321554134, 0.8521606447068261, -0.28842024590804605, 0.03348842438103217, 0.9021393774367276, 0.43014307981246147, -0.11450865098273066, 0.0, 0.0, 0.0, 1.0], "fov": 89.03, "aspect": 1.7777777777777777}, {"camera_to_world": [-0.9505791945736888, -0.10509266420095667, 0.29215531276152185, 0.002407635660126499, 0.3086769533215519, -0.4212065905051253, 0.852820934665169, -0.2877186499925045, 0.03343251907592648, 0.9008554490295282, 0.4328299049534875, -0.11412650612844229, 0.0, 0.0, 0.0, 1.0], "fov": 89.03, "aspect": 1.7777777777777777}, {"camera_to_world": [-0.9526279946957281, -0.10322392231826126, 0.2860851719038036, 0.002372836750417391, 0.30230352586338244, -0.4245276599765194, 0.8534569960844116, -0.28696914414037245, 0.03335388991650817, 0.899511582902685, 0.4356218890865603, -0.11372271235875439, 0.0, 0.0, 0.0, 1.0], "fov": 89.03, "aspect": 1.7777777777777777}, {"camera_to_world": [-0.9547035077841295, -0.10126767620859266, 0.2797964795704022, 0.0023554258578091154, 0.2956951464374596, -0.4279515096948172, 0.8540619917331858, -0.2861741323032594, 0.033250452598546684, 0.8981104403720284, 0.4385111678130367, -0.11329846085024656, 0.0, 0.0, 0.0, 1.0], "fov": 89.03, "aspect": 1.7777777777777777}, {"camera_to_world": [-0.9567961421121585, -0.09922634085003504, 0.2733043646208445, 0.0023550151451419876, 0.28886708127548255, -0.43146771982419385, 0.8546294027852629, -0.285336018432775, 0.03312026259972341, 0.8966547496284308, 0.44148987324071376, -0.11285494277949826, 0.0, 0.0, 0.0, 1.0], "fov": 89.03, "aspect": 1.7777777777777777}, {"camera_to_world": [-0.9588966062889408, -0.09710252801087159, 0.2666240752472473, 0.0023712167752563225, 0.2818347667295577, -0.4350659586089801, 0.8551530716322926, -0.28445720648052875, 0.032961533793918946, 0.8951473122975608, 0.4445501395527903, -0.11239334932308905, 0.0, 0.0, 0.0, 1.0], "fov": 89.03, "aspect": 1.7777777777777777}, {"camera_to_world": [-0.9609959447268723, -0.09489906400526586, 0.25977097965213625, 0.002403642910992438, 0.2746138147636678, -0.43873599811590436, 0.8556272416760625, -0.2835401003981304, 0.03277265566676055, 0.8935910091357039, 0.4476841089790683, -0.1119148716575985, 0.0, 0.0, 0.0, 1.0], "fov": 89.03, "aspect": 1.7777777777777777}, {"camera_to_world": [-0.9630855708011813, -0.09261900545704116, 0.25276056484885223, 0.0024519057151906457, 0.2672200160844859, -0.44246772968554027, 0.8560465940535773, -0.2825871041371893, 0.03255220911657669, 0.891988804870931, 0.45088393813326144, -0.11142070095960613, 0.0, 0.0, 0.0, 1.0], "fov": 89.03, "aspect": 1.7777777777777777}, {"camera_to_world": [-0.9651572976380289, -0.09026565308140441, 0.24560843367003116, 0.0025156173506912655, 0.25966934099676986, -0.446251179031089, 0.8564062812472052, -0.2816006216493151, 0.032298980825434434, 0.8903437522031316, 0.4541418046717205, -0.11091202840569145, 0.0, 0.0, 0.0, 1.0], "fov": 89.03, "aspect": 1.7777777777777777}, {"camera_to_world": [-0.9672033664634982, -0.08784256350034404, 0.2383303000865904, 0.00259438998033461, 0.25197793808654695, -0.4500765209138725, 0.8567019575323248, -0.2805830568861175, 0.03201197618592949, 0.8886589949805003, 0.45744991422112957, -0.11039004517243407, 0.0, 0.0, 0.0, 1.0], "fov": 89.03, "aspect": 1.7777777777777777}, {"camera_to_world": [-0.9692164724432765, -0.08535355911336817, 0.2309419829552265, 0.0026878357669609942, 0.24416213085196364, -0.45393409331742063, 0.8569298062163084, -0.2795368137992059, 0.031690430770817166, 0.8869377705739969, 0.4608005075157666, -0.10985594243641346, 0.0, 0.0, 0.0, 1.0], "fov": 89.03, "aspect": 1.7777777777777777}, {"camera_to_world": [-0.971189787941555, -0.08280273605117533, 0.2234593983265823, 0.0027955668734107354, 0.2362384124169703, -0.4578144110356309, 0.8570865636251738, -0.27846429634018993, 0.03133382033439651, 0.8851834114750111, 0.46418586767879233, -0.10931091137420919, 0.0, 0.0, 0.0, 1.0], "fov": 89.03, "aspect": 1.7777777777777777}, {"camera_to_world": [-0.9731169831277928, -0.08019447024572995, 0.21589855045893572, 0.0029171954625241497, 0.22822343847688015, -0.4617081785853506, 0.857169539797809, -0.2773679084606792, 0.030941869336751193, 0.8833993461449949, 0.46759832757671693, -0.10875614316240076, 0.0, 0.0, 0.0, 1.0], "fov": 89.03, "aspect": 1.7777777777777777}, {"camera_to_world": [-0.9749922438612678, -0.07753342165598665, 0.20827552169346783, 0.003052333697141551, 0.22013401863724763, -0.46560630234969713, 0.8571766358521791, -0.2762500541122833, 0.03051455798446251, 0.8815890991491206, 0.47103027717170676, -0.10819282897756777, 0.0, 0.0, 0.0, 1.0], "fov": 89.03, "aspect": 1.7777777777777777}, {"camera_to_world": [-0.9768102867857286, -0.07482453669409662, 0.20060646135679808, 0.003200593740103256, 0.2119871063183455, -0.46949990185551005, 0.8571063579932428, -0.2751131372466117, 0.030052127784188948, 0.8797562906090415, 0.4744741707927447, -0.1076221599962897, 0.0, 0.0, 0.0, 1.0], "fov": 89.03, "aspect": 1.7777777777777777}, {"camera_to_world": [-0.9785663715699685, -0.07207304890230135, 0.1929075738645653, 0.003361587754249581, 0.20379978740680751, -0.4733803200865965, 0.8569578281383813, -0.2739595618152741, 0.029555085608509182, 0.877904635012618, 0.4779225342438206, -0.10704532739514612, 0.0, 0.0, 0.0, 1.0], "fov": 89.03, "aspect": 1.7777777777777777}, {"camera_to_world": [-0.9802563102344326, -0.06928447793575178, 0.18519510620625776, 0.003534927902420839, 0.19558926784358882, -0.4772391327336494, 0.8567307911427275, -0.2727917317698799, 0.02902420627658303, 0.8760379394208937, 0.48136797166534606, -0.10646352235071654, 0.0, 0.0, 0.0, 1.0], "fov": 89.03, "aspect": 1.7777777777777777}, {"camera_to_world": [-0.981876473509167, -0.06646462691117686, 0.17748533499633035, 0.003720226347457347, 0.18737286034335202, -0.48106815628202293, 0.856425618613879, -0.2716120510620389, 0.028460533655436576, 0.874160101114763, 0.4848031720637509, -0.10587793603958055, 0.0, 0.0, 0.0, 1.0], "fov": 89.03, "aspect": 1.7777777777777777}, {"camera_to_world": [-0.9834237941742241, -0.0636195781855278, 0.16979455327974696, 0.00391709525219942, 0.17916797044453223, -0.48485945483985826, 0.8560433093127839, -0.2704229236433605, 0.027865380290972755, 0.8722751047255051, 0.48822091542389756, -0.10528975963831763, 0.0, 0.0, 0.0, 1.0], "fov": 89.03, "aspect": 1.7777777777777777}, {"camera_to_world": [-0.984895767339952, -0.06075568763243206, 0.16213905728157518, 0.0041251467794873745, 0.17099208209179095, -0.4886053456111348, 0.8555854861450948, -0.2692267534654543, 0.0272403255810537, 0.8703870188947754, 0.49161407831926873, -0.10470018432350736, 0.0, 0.0, 0.0, 1.0], "fov": 89.03, "aspect": 1.7777777777777777}, {"camera_to_world": [-0.9862904476313908, -0.057879577487378604, 0.1545351332899862, 0.004343993092161531, 0.1628627429531478, -0.4922984029213696, 0.8550543897547372, -0.26802594447993, 0.026587212506168592, 0.8684999925106228, 0.49497563893609975, -0.10411040127172926, 0.0, 0.0, 0.0, 1.0], "fov": 89.03, "aspect": 1.7777777777777777}, {"camera_to_world": [-0.9876064432479514, -0.05499812783500047, 0.14699904486007925, 0.004573246353062195, 0.1547975496728837, -0.49593146070745386, 0.854452868738728, -0.266822900638397, 0.02590814293618423, 0.8666182505666586, 0.4982986814295041, -0.10352160165956285, 0.0, 0.0, 0.0, 1.0], "fov": 89.03, "aspect": 1.7777777777777777}, {"camera_to_world": [-0.9888429068766951, -0.052118466813526894, 0.1395470205223167, 0.004812518725029683, 0.14681413325826265, -0.49949761338772225, 0.8537843665092463, -0.265620025892465, 0.025205471534444433, 0.8647460896916374, 0.5015763995322637, -0.10293497666358771, 0.0, 0.0, 0.0, 1.0], "fov": 89.03, "aspect": 1.7777777777777777}, {"camera_to_world": [-0.9899995234446155, -0.0492479596124011, 0.1321952421740282, 0.005061422370904316, 0.13893014479322874, -0.5029902150335753, 0.8530529048354565, -0.2644197241937435, 0.024481798282951994, 0.8628878733963603, 0.504802099340266, -0.10235171746038337, 0.0, 0.0, 0.0, 1.0], "fov": 89.03, "aspect": 1.7777777777777777}, {"camera_to_world": [-0.9910764947023025, -0.046394196339131916, 0.12495983432544791, 0.005319569453526412, 0.13116324166549367, -0.5064028767698587, 0.8522630641034556, -0.26322439949384213, 0.023739959654485852, 0.8610480270840051, 0.5079692012025392, -0.1017730152265293, 0.0, 0.0, 0.0, 1.0], "fov": 89.03, "aspect": 1.7777777777777777}, {"camera_to_world": [-0.9920745206379975, -0.04356497883063455, 0.11785685436313936, 0.005586572135736278, 0.123531074484889, -0.5097294623375221, 0.851419960337852, -0.2620364557443704, 0.022983018459216416, 0.859231032868685, 0.5110712406484208, -0.10120006113860514, 0.0, 0.0, 0.0, 1.0], "fov": 89.03, "aspect": 1.7777777777777777}, {"camera_to_world": [-0.9929947777273636, -0.040768306482542184, 0.11090228398337637, 0.005862042580374238, 0.11605127486043323, -0.5129640817590031, 0.8505292190327214, -0.26085829689693796, 0.022214252394625607, 0.85744142424523, 0.5141018682896021, -0.10063404637319036, 0.0, 0.0, 0.0, 1.0], "fov": 89.03, "aspect": 1.7777777777777777}, {"camera_to_world": [-0.9938388940300303, -0.03801236116724081, 0.10411202193626401, 0.006145592950280601, 0.10874144419142741, -0.5161010830539735, 0.8495969458429556, -0.2596923269031543, 0.02143714132827776, 0.8556837806508936, 0.517054848640514, -0.1000761621068645, 0.0, 0.0, 0.0, 1.0], "fov": 89.03, "aspect": 1.7777777777777777}, {"camera_to_world": [-0.9946089211491349, -0.035305491307609745, 0.09750187820797308, 0.006436835408295682, 0.10161914361390231, -0.5191350419607275, 0.8486296941891741, -0.25854094971462904, 0.020655353343170424, 0.8539627219568559, 0.5199240578068172, -0.09952759951620713, 0.0, 0.0, 0.0, 1.0], "fov": 89.03, "aspect": 1.7777777777777777}, {"camera_to_world": [-0.9953073030745279, -0.03265619516865959, 0.09108756975359415, 0.006735382117259802, 0.0947018852280608, -0.522060749626361, 0.8476344298303444, -0.2574065692829718, 0.01987272957498959, 0.8522829029240633, 0.5227034799985275, -0.09898954977779777, 0.0, 0.0, 0.0, 1.0], "fov": 89.03, "aspect": 1.7777777777777777}, {"camera_to_world": [-0.9959368419339993, -0.03007310342340205, 0.08488471787676485, 0.007040845240013272, 0.08800712471495345, -0.5248731982370316, 0.8466184924579883, -0.25629158955979203, 0.019093267869571877, 0.850649007654106, 0.5253872028315358, -0.09846320406821597, 0.0, 0.0, 0.0, 1.0], "fov": 89.03, "aspect": 1.7777777777777777}, {"camera_to_world": [-0.9965006606797047, -0.027564961042350882, 0.07890884733442077, 0.007352836939396415, 0.08155225543152152, -0.5275675645679102, 0.8455895543642414, -0.2551984144966994, 0.018321105287212217, 0.8490657440614467, 0.5279694113889903, -0.09794975356404124, 0.0, 0.0, 0.0, 1.0], "fov": 89.03, "aspect": 1.7777777777777777}, {"camera_to_world": [-0.9970021627389658, -0.02514060854806944, 0.07317538722588508, 0.0076709693782495425, 0.07535460405246439, -0.5301391914409276, 0.8445555762331194, -0.25412944804530346, 0.01756049947814141, 0.8475378383884655, 0.5304443810220687, -0.09745038944185315, 0.0, 0.0, 0.0, 1.0], "fov": 89.03, "aspect": 1.7777777777777777}, {"camera_to_world": [-0.9974449886596745, -0.02280896266708782, 0.06769967370492783, 0.007994854719412964, 0.06943142780500833, -0.532583567087058, 0.8435247601000123, -0.25308709415721375, 0.01681580895051497, 0.8460700297793776, 0.5328064688782063, -0.0969663028782312, 0.0, 0.0, 0.0, 1.0], "fov": 89.03, "aspect": 1.7777777777777777}, {"camera_to_world": [-0.9978329697807089, -0.020578996401390718, 0.062496954531583854, 0.008324105125726993, 0.0637999133187748, -0.5348963024186345, 0.8425054995187805, -0.25207375678404, 0.01609147224862084, 0.8446670649232068, 0.5350501041537019, -0.09649868504975498, 0.0, 0.0, 0.0, 1.0], "fov": 89.03, "aspect": 1.7777777777777777}, {"camera_to_world": [-0.9981700789570711, -0.01845971853051711, 0.057582395457374605, 0.008658332760031964, 0.05847717708752879, -0.5370731062260656, 0.841506326968823, -0.25109183987739153, 0.015391986054736077, 0.8433336927696296, 0.5371697770768855, -0.09604872713300398, 0.0, 0.0, 0.0, 1.0], "fov": 89.03, "aspect": 1.7777777777777777}, {"camera_to_world": [-0.9984603783679132, -0.016460152543090745, 0.05297108841303136, 0.008997149785168173, 0.05348026751252176, -0.5391097583223765, 0.8405358585262009, -0.25014374738887807, 0.014721882223143568, 0.8420746593146279, 0.539160026637696, -0.09561762030455777, 0.0, 0.0, 0.0, 1.0], "fov": 89.03, "aspect": 1.7777777777777777}, {"camera_to_world": [-0.998707964433318, -0.014589314983492231, 0.04867806144220338, 0.009340168363975953, 0.048826168468806865, -0.5410020806681453, 0.8396027358134281, -0.2492318832701092, 0.014085703749339925, 0.8408947024455857, 0.5410154270895015, -0.09520655574099586, 0.0, 0.0, 0.0, 1.0], "fov": 89.03, "aspect": 1.7777777777777777}, {"camera_to_world": [-0.9989169098627056, -0.01285619318521549, 0.044718290297454374, 0.009687000659295609, 0.04453180430576547, -0.5427459065188468, 0.8387155652319254, -0.2483586514726944, 0.01348797967139599, 0.8397985468276421, 0.5427305732594807, -0.09481672461889781, 0.0, 0.0, 0.0, 1.0], "fov": 89.03, "aspect": 1.7777777777777777}, {"camera_to_world": [-0.9990912028542425, -0.011269722347543034, 0.0411067115867001, 0.010037258833967444, 0.0406140461618073, -0.5443370476462347, 0.8378828544696135, -0.24752645594824338, 0.012933198893910251, 0.8387908988049346, 0.5443000647146575, -0.09444931811484315, 0.0, 0.0, 0.0, 1.0], "fov": 89.03, "aspect": 1.7777777777777777}, {"camera_to_world": [-0.9992346834606627, -0.009838761896295067, 0.0378582373284439, 0.010390555050831793, 0.037089719440075594, -0.5457712596954508, 0.8371129462637028, -0.2467377006483656, 0.012425782917999553, 0.8378764412816417, 0.5457184888420825, -0.09410552740541142, 0.0, 0.0, 0.0, 1.0], "fov": 89.03, "aspect": 1.7777